Number of Processes: 8
Total: 0.533556
Processing: 0.525637
Pre-Processing: 0.007919
90, (0.720210,-1.652418,-0.880400), (-0.422721,0.062080,-0.480701), (0.067081,0.404816,-0.902791), (1.405359,1.666232,2.053958), (-0.963571,1.567306,0.046975), (-1.418477,-0.384434,0.706776), (-0.350660,-2.848060,-0.925153), (-1.512769,1.273567,1.576756), (3.051397,0.383778,0.240726), (-2.476816,0.676152,-0.732244), (0.605032,-0.078287,-0.294005), (2.130934,1.253931,-2.023605), (0.259683,0.391132,1.802881), (3.301538,-0.936047,-1.259224), (-0.214104,-1.815328,-0.074017), (-0.382458,0.782408,-0.412898), (-2.859770,-0.604949,0.683241), (-0.923405,-1.161179,-0.949306), (0.072560,-1.163064,0.611983), (1.043740,-1.541544,0.236808), (-0.524479,-0.166449,-1.088626), (1.729291,0.709030,0.990650), (0.762535,-0.623217,0.310059), (-1.819496,-1.810109,-0.193907), (-0.212079,-1.127063,2.978024), (-0.724959,-0.280607,-0.051214), (0.420043,-2.687236,1.145880), (0.973946,0.406713,-0.905481), (-0.510728,1.066869,2.903326), (-0.655029,-0.110358,-2.112313), (0.749475,-1.219561,1.580875), (-0.739613,-1.002019,0.091200), (-0.359219,0.773321,0.405952), (-0.129819,-0.562401,1.464182), (1.626055,0.031326,2.496724), (-0.699267,0.312335,0.901020), (-0.178766,-0.133537,-0.069237), (-1.891244,0.410495,-2.558098), (-0.293079,2.802929,1.169060), (0.684519,0.690448,-0.172180), (-2.190882,-0.947872,-1.500666), (0.519959,0.103850,0.295503), (-2.351965,-0.425400,2.302717), (-1.242522,0.360117,-0.766267), (-1.565219,-0.467575,-0.299716), (1.017260,2.762647,-1.193596), (-1.695600,0.692773,0.476613), (-1.767270,2.271238,-1.253495), (2.282868,2.300214,0.249836), (0.114356,0.412638,0.191422), (-1.413078,-2.709498,1.386290), (-2.334591,2.175370,0.600732), (1.738899,1.130997,-0.460319), (-0.352701,0.084213,0.311132), (1.083394,-0.226218,1.032138), (0.245190,-0.381808,0.705695), (-0.168908,2.368439,-0.379023), (2.212542,-1.365435,1.617273), (2.038866,-0.716404,0.246722), (-0.920006,-1.344430,1.146840), (0.350571,-0.877727,-0.332993), (0.172301,0.331735,-0.316375), (-0.521053,-2.122527,-2.611737), (0.263039,-0.315952,0.015834), (-0.223833,0.258423,-0.079449), (1.531157,-1.892454,-1.984629), (0.835246,-0.601587,-2.712658), (0.065643,-0.172152,-0.434403), (1.118049,-0.672584,-0.527260), (0.110399,0.047075,-0.037291), (0.396510,-0.338872,-1.068322), (1.331902,0.131055,0.030178), (-0.777568,1.180477,-1.199213), (0.100339,1.177788,0.062970), (-0.991075,-0.107382,1.760825), (-0.132974,-0.563986,0.088624), (0.629684,0.739103,0.728165), (0.057303,0.229115,0.836673), (-0.048037,-1.105968,-1.418503), (-0.329844,-0.665205,-0.528009), (-0.160499,1.365524,1.211234), (-0.440973,-0.404503,0.616832), (-0.206213,1.648741,-2.723262), (-0.871041,0.345271,0.041222), (1.712298,-0.416529,-1.285641), (1.999654,-2.541548,-0.233662), (0.431990,0.684616,-1.805232), (0.413549,1.340066,-0.841662), (0.019707,-0.072155,0.278231), (0.842535,1.744692,0.396577)
Number of Processes: 8
Total: 0.535000
Processing: 0.528154
Pre-Processing: 0.006845
90, (0.321946,-0.262608,0.910541), (0.117606,0.320859,0.599708), (-0.940837,-2.643051,0.591279), (0.109118,1.865147,0.041341), (0.062047,1.156470,1.067991), (-2.246938,-1.929058,-1.455334), (-1.090243,1.485887,0.809622), (-2.896205,-1.495034,1.019791), (1.055740,1.134956,2.709013), (0.616668,-0.336364,-0.189683), (2.586036,-0.017604,-0.028075), (-0.781457,3.247994,-0.152048), (1.401146,-0.912351,-0.127904), (0.616063,-0.855112,1.937645), (-1.087265,0.571975,0.103882), (-2.846839,0.002063,-1.366009), (0.564837,-1.354294,-0.381661), (1.165144,1.099590,-0.352360), (-0.588579,0.643959,-0.653063), (-1.029756,-0.114208,-0.408291), (2.171510,0.016499,1.727801), (1.333857,0.033426,-0.455103), (-0.194568,-0.166631,0.581397), (1.569177,-2.022373,-1.167420), (0.295609,0.113601,-0.026053), (1.226869,-2.887534,0.133545), (-0.096598,-1.400277,-1.331431), (-1.755209,2.482618,1.690600), (-0.974369,1.527715,-0.401040), (-1.930422,0.194927,-0.477108), (-0.658793,-0.768831,-0.023522), (1.252093,-0.588376,0.989877), (0.070259,-0.677458,-0.158912), (-0.303394,-2.944570,-0.999800), (0.362199,1.370616,-1.443542), (-0.188716,-0.880017,0.647450), (-1.916114,0.164628,2.109289), (-1.147117,-0.608590,-1.492210), (-0.441050,0.211731,0.035928), (1.217294,2.445813,-0.736930), (0.749612,0.059599,0.345914), (-0.354090,-0.637004,3.513062), (-1.144963,0.397642,-2.905057), (2.253775,-1.546456,0.920836), (-1.509307,1.578918,4.103224), (-1.492496,-1.221619,-0.428806), (2.770364,1.706166,0.799684), (-2.789107,0.724049,0.737508), (-0.370666,-0.121771,-0.373707), (-0.354118,-1.620854,-0.171709), (1.187998,0.595871,-3.513204), (-0.770914,-0.257038,0.392638), (-0.028137,-0.031050,-0.092149), (-1.011463,0.791860,-1.538625), (0.144007,-0.180656,-0.468454), (0.498851,-1.632573,0.718511), (1.663776,-0.551815,-1.609120), (-1.629042,-0.153364,0.697846), (2.362977,1.423951,-1.248655), (-0.064802,0.287745,-0.375134), (1.470123,0.444550,0.563037), (-0.352957,2.286945,-2.134658), (-0.362987,-0.719042,-0.717827), (0.657721,0.339737,1.391333), (0.816775,-1.901450,-2.711575), (0.969473,-2.434688,2.214318), (0.514779,0.780666,0.336738), (-0.456642,-0.334596,1.535883), (-0.061794,0.096888,0.204560), (-0.624559,0.420340,0.890237), (-2.260029,1.876084,-0.906949), (0.205553,-0.260820,-2.047500), (-0.227445,-0.311667,0.074206), (-0.476366,0.792765,2.102162), (0.559262,-0.527707,-0.985535), (0.296802,2.703838,1.361977), (0.158224,1.018716,-0.455531), (-0.382978,-0.088130,-1.163032), (0.198930,-0.210922,0.186394), (-1.025656,-1.446038,-2.995309), (0.512174,-0.711737,0.372208), (-0.902963,-1.602956,2.078135), (0.217704,0.361819,-1.000545), (1.094069,0.488500,-1.450076), (3.451469,-1.041301,-1.055701), (-1.083494,-1.233862,0.848965), (0.607341,0.334344,-0.378548), (0.054008,0.454419,0.020590), (1.220248,1.507700,0.768118), (-0.316076,0.870649,0.216517)
Number of Processes: 8
Total: 0.523576
Processing: 0.516619
Pre-Processing: 0.006956
90, (-0.145380,0.081538,-0.026590), (-0.229076,-0.078221,0.414048), (-0.301072,-0.295280,-0.105024), (0.868210,-1.412346,-1.166313), (-0.064304,-2.008766,-2.463487), (-0.179921,0.183853,-4.400169), (4.319175,1.654316,3.164045), (-3.567432,1.434685,0.234170), (-2.289594,-0.550359,-0.254959), (-0.383712,-1.166253,-1.151009), (15.340416,14.844245,20.354960), (7.859075,-9.696465,7.623089), (0.420155,3.018776,0.741352), (0.068046,0.235007,2.068933), (-0.467446,-0.488544,1.237444), (-0.024404,0.573816,-0.220015), (0.144523,-0.699928,-0.377708), (0.021416,0.650877,0.494180), (0.366385,0.125719,0.873206), (1.931047,-1.976190,0.613630), (0.104190,0.211046,0.176507), (-0.499168,-0.857283,0.300101), (1.159274,-1.799598,2.957667), (-0.567877,0.145651,-0.374619), (2.094349,2.184701,0.321078), (0.461296,0.661336,-0.863675), (1.901452,-4.843632,-9.982199), (2.681010,-0.127773,0.664925), (3.096582,1.212154,-1.069970), (-0.711106,-1.765617,-0.188725), (-2.165178,-2.561576,-0.738371), (-1.279243,1.926828,-0.720180), (0.302673,1.329796,1.267811), (-0.826137,-0.092157,-1.721740), (0.180618,-0.163659,0.022336), (7.309480,3.470276,-4.054453), (9.369539,-16.749173,-14.148280), (-0.657157,0.471495,1.050512), (0.096670,-3.134321,-0.141692), (-0.240829,1.092926,-1.900664), (-1.725025,-3.689469,2.664501), (5.621683,-4.210424,-0.610696), (-0.579132,0.825183,-0.721225), (-4.830993,-2.177697,8.621406), (3.877523,8.515952,1.762102), (-1.631802,3.677478,-0.297457), (1.142296,2.422862,2.688959), (0.717153,1.249139,0.124575), (-4.638698,-1.198641,-2.144153), (1.790529,-3.312029,-2.040496), (-2.027796,-1.080298,-2.299367), (-1.383110,0.756828,0.124224), (-1.051482,-0.540975,-0.533909), (0.605546,-0.236275,-1.944176), (1.559690,-4.358318,1.847496), (-0.990749,0.933846,3.217612), (3.221898,-0.248124,-3.644139), (0.337169,1.932228,-0.779189), (2.522264,-0.835038,-1.504127), (0.601965,0.356015,-0.008291), (-2.070400,6.075933,-7.549478), (0.200884,-0.594807,0.454770), (1.520366,0.520363,-0.435826), (-1.820044,1.557111,-2.741952), (-5.656909,5.158806,-0.224250), (0.903405,-0.296737,0.251409), (-3.855041,1.390963,3.376537), (-0.363392,-1.900665,1.458225), (1.511554,-0.806213,-0.282777), (-1.295161,1.805750,1.249261), (-1.971938,0.271178,1.393359), (0.088332,0.068279,-0.350803), (-1.591910,-1.205429,0.909703), (0.488680,-1.494601,0.208662), (-1.539102,4.097843,3.021766), (-1.470469,-4.166945,-3.475116), (-1.879203,0.453058,-1.062077), (0.703216,-0.181584,-0.697217), (1.277558,-0.687972,6.782805), (1.386424,1.088712,-1.925477), (1.310514,0.565271,0.928174), (-0.170489,-0.079679,-0.953678), (-3.863643,-1.462311,1.275812), (1.012778,3.470225,-2.235785), (-1.418329,-0.968196,2.874369), (-0.376542,1.356149,0.202350), (1.870669,0.275470,2.621004), (-0.495978,0.374293,0.152210), (-1.075319,-0.168776,0.314267), (0.890066,-0.800234,1.376484)
Number of Processes: 8
Total: 0.522964
Processing: 0.515991
Pre-Processing: 0.006973
90, (-0.104411,-1.326844,0.823550), (0.049863,-0.671674,-0.236464), (-0.198306,0.275947,-0.151352), (0.492142,1.301428,-0.979347), (-3.629435,-5.266820,-3.521921), (2.284971,-1.372860,1.089150), (1.366119,-2.779189,-6.691475), (-1.716519,-0.554354,-0.382238), (-0.281425,-0.283928,1.108350), (-0.811223,-3.345193,-0.229686), (1.306621,-1.499727,-0.930936), (7.261587,-9.252118,-16.237644), (-0.115120,-1.699065,-0.446737), (-0.290994,0.049591,0.344321), (-4.218737,-0.163130,1.863626), (0.121662,0.329856,0.112669), (1.111415,-2.544180,0.636901), (-0.025023,-0.010264,0.018883), (1.074266,0.090869,0.121735), (-0.440805,-0.695653,-0.867796), (1.362864,0.297259,-1.401838), (0.378536,-0.118374,-0.060260), (7.667202,-7.999802,0.947935), (0.029058,-0.444682,0.356372), (-3.616256,1.296818,-1.940222), (-1.117870,-0.024149,0.514600), (-13.592926,17.519888,4.406668), (-0.852629,0.353027,3.864622), (-2.462467,0.353525,0.676959), (-0.031170,0.187218,-1.280226), (-1.464140,-1.728682,-1.304456), (-1.334462,1.292274,-1.720472), (1.733949,-0.312503,-3.283901), (-1.352791,-0.258558,-3.588469), (0.376740,0.057217,0.578771), (15.057007,10.932462,9.759983), (4.462268,-1.001139,0.654389), (0.705824,-0.390801,-0.739999), (-4.111391,1.666596,-8.950539), (0.843869,-0.913801,0.254212), (-1.299254,-2.386641,2.125006), (-9.518283,0.191117,-0.533155), (0.444294,0.440793,-0.432639), (-4.203156,-5.393058,2.592432), (2.206702,-0.231410,-0.007533), (2.196702,-0.184599,3.059112), (-1.294298,-0.175758,-1.607387), (0.929470,-0.386437,1.288164), (2.828862,1.719289,-1.065376), (2.558572,-4.066092,-1.889247), (2.168093,1.913798,7.590549), (0.189957,0.265086,2.234211), (-1.663269,0.737931,-0.522091), (-0.160143,1.802272,0.711445), (-1.191347,3.921549,-2.750052), (-3.530247,3.627843,4.456376), (0.242926,-1.408312,2.257066), (0.230513,-0.818236,-1.909131), (0.509419,0.817010,1.253884), (-0.096844,0.999192,-0.080446), (13.867013,-23.437149,7.187303), (-0.658668,0.461430,0.071789), (-0.202404,0.553092,0.625398), (1.825975,0.872954,1.118388), (3.886230,1.932782,-4.121843), (1.227251,2.323644,0.347615), (3.024457,-0.727885,-1.622448), (-1.679033,2.050487,1.961987), (-0.044709,-0.028740,-0.471510), (0.623545,2.174721,2.626006), (-0.822659,0.683837,1.429701), (-1.165290,1.196199,0.373183), (-1.635997,-1.522441,0.616943), (-0.519597,2.210196,-0.675097), (-0.577827,3.968007,0.681555), (-0.094674,-2.502898,-2.438982), (1.417243,0.971551,-0.325339), (-0.399722,-0.193812,-0.082698), (1.166716,-4.226008,3.646008), (-1.532548,-0.451320,1.932338), (-3.336066,-1.176747,-1.012463), (0.595442,0.913291,0.334922), (1.142550,2.881740,-1.717225), (2.542922,7.049960,0.751912), (0.159310,1.038006,-2.492972), (3.809691,2.309554,1.636236), (-0.828104,0.023321,-0.516329), (-0.451547,0.772098,-0.732421), (-0.746333,-0.779370,0.213592), (-2.634893,2.431040,0.031476)
Number of Processes: 8
Total: 0.541731
Processing: 0.534418
Pre-Processing: 0.007313
90, (-0.386724,0.897791,-0.488482), (0.472595,0.920142,-0.141117), (-1.549121,1.758680,-1.131317), (1.495334,1.477295,-0.677302), (5.243041,2.656653,-8.560506), (0.182609,-0.246920,-1.234450), (-7.941345,-6.443794,-0.810305), (0.759238,1.128550,2.794456), (0.042899,-0.223296,0.751896), (-1.208979,2.720800,0.753290), (-4.644540,2.955525,2.146565), (-0.067788,1.043909,0.591039), (-0.310292,-0.164294,1.836022), (0.611772,0.168174,-0.382977), (-3.590342,-1.244522,1.415701), (-1.247191,-0.564094,0.667901), (0.699753,-0.423113,0.454859), (-0.100693,0.114275,0.259111), (0.111306,-0.226046,0.032485), (2.420542,8.608501,0.679725), (1.408903,0.732475,0.379175), (-0.367050,0.790544,-1.861737), (1.233621,-3.027402,-5.396105), (-1.553930,0.422105,-0.199298), (-0.039735,1.998321,-0.358047), (0.510383,-0.577711,-0.417887), (4.937386,2.197636,2.952260), (2.310097,1.338961,1.522624), (3.210069,-1.438572,2.477217), (-0.111189,2.894565,-2.064351), (-0.399497,-2.485273,-1.955231), (-0.297076,-1.014582,0.895171), (0.358872,-0.442946,-2.704250), (5.344720,-1.287108,-1.682712), (-0.768789,0.210165,-0.916189), (20.837768,3.532409,6.257193), (-3.422250,-1.101069,-5.227870), (-0.206202,0.054171,-0.106229), (1.357980,3.832198,12.759386), (-0.022467,0.311407,-0.538872), (-0.997886,-2.148677,0.265760), (1.167307,-0.413974,1.568802), (-1.135268,-1.505585,2.184505), (-1.713625,-5.298251,-18.621093), (1.990193,-1.053643,0.503427), (4.357244,-9.392340,-0.618003), (-0.950080,1.084025,-3.797965), (-0.209441,-0.273853,-0.465365), (-0.928226,-0.585091,-0.380997), (-2.947771,4.839705,-2.065929), (-0.584430,3.614722,3.957394), (0.484681,0.982672,-1.175147), (-2.417081,0.355657,-1.739534), (-2.921104,1.186717,0.352773), (-17.331186,33.947548,20.677565), (0.883935,-0.703573,4.382264), (1.747803,1.515475,-2.798147), (0.728050,2.075046,1.165322), (0.125590,0.160620,-0.087245), (0.594232,-1.597799,0.295312), (-17.656576,16.286518,1.696226), (-0.140254,-1.382305,-0.907375), (-0.566163,0.295396,0.779199), (2.047657,-1.392767,-2.383091), (-4.330236,-1.914670,7.600957), (-0.450882,-0.252414,0.202607), (1.247048,3.549899,0.009274), (-0.776022,-5.093882,-0.587503), (-0.154247,0.524248,0.070777), (17.748417,-54.198040,-7.647360), (-1.690572,0.527446,1.220283), (-0.688477,0.266279,-0.030457), (-2.955115,-2.207267,-1.171344), (-0.547611,1.284863,1.728054), (-1.062258,-4.153372,2.834383), (-1.924636,0.230907,2.965463), (1.346307,0.164954,-1.318241), (0.408590,0.304397,0.369380), (0.697616,-1.923178,1.813059), (-0.165261,-0.875682,0.003771), (-2.199820,-0.819102,-0.244112), (-1.168690,-0.685783,-1.720417), (3.818171,2.376761,-0.927764), (-5.501773,1.237477,-2.137689), (-0.957366,1.158256,0.249627), (1.685202,-3.299549,0.002107), (0.558810,0.597929,1.221166), (1.347858,-0.176337,-0.171536), (2.801240,0.110611,-0.517874), (1.296961,-1.277557,-0.944502)
Number of Processes: 8
Total: 0.521373
Processing: 0.514185
Pre-Processing: 0.007188
90, (-0.723803,0.285400,0.115457), (-0.180331,0.198948,-0.059622), (0.008657,1.479241,-0.793540), (-0.309852,2.810307,-0.211562), (-0.535621,0.980492,2.232853), (0.199129,1.091501,-2.286143), (-4.233480,-2.631485,1.030314), (0.869029,-0.269102,-1.829496), (1.021014,-1.134981,0.529905), (-1.908533,2.312555,1.112475), (-8.529993,1.087628,-2.965345), (-10.959381,-11.707227,-8.680524), (0.835455,1.585154,0.191022), (-0.340628,0.089396,0.996789), (45.702995,20.400574,2.779746), (-1.046372,-0.389747,0.511213), (-3.237645,1.004901,-1.245058), (-0.265633,0.720595,-0.308853), (-0.374315,1.224317,0.480787), (-1.229750,-3.764419,2.350103), (0.096897,0.373621,-1.210743), (1.112681,5.165005,0.257215), (-0.807942,-1.050151,3.953634), (-0.216712,-1.586672,-0.461267), (-1.268258,1.351664,-0.319440), (2.219288,-0.704746,-0.572674), (5.412392,-5.249631,-4.302630), (7.218890,2.176940,3.241474), (-2.659914,0.759785,2.737908), (-1.349077,4.917506,3.077644), (-2.759872,-0.839153,-2.450020), (1.813412,1.133219,-0.960719), (0.506008,0.784554,1.061062), (-3.188710,0.483112,0.530270), (0.338003,0.505699,0.120908), (-0.626429,-0.806911,-1.565726), (-1.443375,-4.711065,-4.374997), (0.142212,0.180145,-0.366378), (-1.210457,-2.676022,-1.324119), (0.324179,-0.149868,0.600804), (-1.340522,2.366374,-2.216146), (1.320630,-8.877898,11.283120), (-1.046033,-1.978105,0.616800), (0.343718,1.532173,6.649819), (-3.094504,3.999798,-0.647686), (-0.262757,-0.880459,-3.506119), (1.308699,0.766274,2.831577), (1.114888,-0.045073,-0.630061), (2.451881,0.347212,-3.376723), (-3.375070,7.811413,-3.852026), (1.826809,14.592353,3.632027), (0.112766,-0.413500,-0.776370), (2.274837,0.733066,0.900833), (-0.140631,0.383082,0.377641), (-7.662182,6.811107,2.895108), (3.530827,-3.072684,4.048303), (3.888328,-1.667858,0.025699), (0.279622,2.211257,1.606344), (0.063903,0.014110,0.081869), (1.209659,0.166803,0.392415), (20.182955,-62.179176,-8.008455), (-0.751646,-0.679032,-0.286705), (-0.573634,0.109728,-0.632428), (-1.530504,1.081672,-5.457541), (-12.838548,-2.519844,10.413303), (0.600032,-0.316372,1.700502), (1.168603,2.785242,-1.955406), (0.724482,0.737363,-0.532217), (-0.178203,-0.179163,-0.211907), (-0.334046,-6.375820,-0.590766), (-0.929492,-0.617099,1.915143), (0.518656,-0.190616,-0.099922), (3.886414,1.814940,-0.977225), (-2.024255,-0.969141,-0.499537), (0.802277,-1.150061,-0.632725), (2.446821,2.692306,1.569325), (-2.140689,-0.639767,1.081436), (0.077497,-0.674352,0.042491), (-1.216748,-0.299415,-16.424979), (-0.209284,-1.005221,0.773142), (0.490458,-1.908314,1.987741), (-0.302978,-0.165577,0.253452), (-29.298562,37.217432,15.053493), (4.643203,4.541994,-5.991899), (-1.147958,0.571669,-1.562301), (1.062484,-3.009013,-0.005433), (-1.566949,0.239748,-0.319993), (-1.296874,0.667566,0.959101), (1.379766,-1.860811,-2.030913), (2.166048,-0.944244,1.576128)
Number of Processes: 8
Total: 0.536023
Processing: 0.528607
Pre-Processing: 0.007416
90, (0.593363,-0.483665,-1.119780), (0.305649,-0.403372,0.020720), (-0.051693,0.519871,-0.464395), (-0.173456,-0.026052,-0.078755), (1.215208,-0.366202,0.278740), (-2.610906,0.609675,-6.120012), (1.805600,0.000439,-0.800126), (0.482967,1.152142,-0.120245), (-1.551259,-8.118029,-8.776362), (-2.047482,3.752522,0.571532), (-0.105028,9.279524,-2.546310), (-1.515494,-4.131858,-1.211449), (-0.462916,-1.530066,0.177896), (-4.733363,-1.632063,-3.040156), (0.136382,0.167484,-0.050501), (-2.620170,2.767023,-1.970622), (-0.267605,0.297195,0.063802), (-0.563490,0.909186,-0.112867), (-4.772420,-3.748263,1.719692), (0.569218,0.254949,0.425660), (0.337616,-0.336142,0.981090), (6.405876,-2.663739,3.465301), (-0.040658,-0.030162,0.316463), (3.867533,2.083866,2.186241), (1.252115,-0.326123,-2.458691), (-19.652269,-6.106102,3.681706), (0.981971,2.929496,-2.480778), (1.496048,-0.636600,1.441148), (0.053087,-3.834875,4.367643), (-0.655582,0.722535,1.983349), (0.442126,-1.327588,0.811481), (1.273556,1.320502,-1.079437), (-2.350271,-0.374278,3.142218), (-1.021501,0.966440,0.679194), (4.210790,5.206958,8.778885), (8.453027,-1.682397,-3.853465), (-0.629288,0.061938,-0.442175), (-1.863674,4.892125,-22.775066), (0.026325,-0.121738,-0.520517), (-9.917444,7.165432,-1.556084), (3.073760,-0.399437,0.535432), (0.439900,3.098576,-0.157434), (-4.255375,1.864932,6.399342), (1.229409,2.336979,1.512693), (-1.977369,1.924128,1.644434), (1.863831,-2.367444,1.051819), (-1.099019,2.070636,-0.130405), (0.946664,-2.668990,-3.699282), (4.520999,-13.278907,6.893258), (-0.096304,1.891390,3.584350), (0.710179,0.252509,-0.403895), (0.736421,0.599302,1.665734), (-0.704623,-0.183971,-1.348040), (1.670330,1.636595,-5.364552), (2.253645,-5.173102,-0.201359), (-0.092546,-0.939184,2.536964), (-1.452362,-1.680842,-1.149319), (0.262288,0.514631,-1.367716), (-2.813948,-1.254360,-0.156172), (36.320239,14.150329,-3.573194), (-0.308019,-0.866462,-0.707129), (0.067197,0.631200,0.296237), (2.451419,-1.824766,-1.189531), (-4.400292,0.655052,0.717055), (-0.717213,0.020442,0.338322), (-0.309387,-3.143846,1.155535), (0.423294,-2.262018,-1.055125), (-0.234537,0.390813,0.871438), (-1.704228,-0.016372,1.106772), (-1.602272,-1.734466,1.251327), (-0.973123,1.049796,-1.161268), (-0.645203,-1.260181,-2.548218), (-2.377587,0.982865,0.010506), (-0.630723,-0.568358,1.063466), (-0.558820,0.761156,-2.876457), (2.582623,2.230837,-0.227167), (0.034556,1.600491,0.854306), (21.903143,-67.965630,-8.085969), (-1.460907,0.330836,-0.279962), (0.007861,1.764964,-0.968128), (-0.338088,-0.500697,0.087438), (-15.382122,22.441368,12.110835), (6.533692,5.670821,-0.298894), (-2.390915,0.072914,-1.834633), (-1.111390,5.791866,3.466068), (0.869264,-1.137494,-0.295130), (1.462569,0.862205,0.532156), (-1.288789,-0.662987,-0.168203), (2.113522,-0.213441,3.424032), (3.696477,0.646411,-1.986820)
Number of Processes: 8
Total: 0.527566
Processing: 0.520033
Pre-Processing: 0.007532
90, (-0.963375,-1.969822,0.310809), (-0.231253,-0.939225,0.301636), (0.405626,0.146284,0.811225), (0.279387,0.297650,0.133753), (-4.140169,0.776686,-0.887667), (35.389149,25.292761,-4.853064), (-0.214753,0.245552,0.376180), (0.766719,1.547916,-0.390916), (1.049441,-2.159460,-2.325512), (-4.867507,3.513326,-4.736683), (6.533338,-4.360239,1.550931), (0.120924,-2.991537,1.569934), (-1.037639,0.454359,0.592614), (-4.292748,-5.187658,-0.609533), (0.098986,-0.186131,0.177048), (1.444353,1.580853,-2.206817), (0.805803,-0.243716,-0.268239), (-0.303143,-0.046445,-0.944277), (-0.905238,0.662449,3.966812), (2.622521,1.445288,0.015085), (1.611365,0.055356,0.999448), (-5.981731,7.146198,9.207083), (-0.851404,1.226197,-0.170811), (5.978120,3.951899,4.281976), (-2.190061,3.773533,2.816248), (-4.346759,0.694477,2.532514), (-0.672922,1.914031,-3.159202), (3.231868,0.330234,2.082929), (1.686705,-1.495893,4.473052), (1.287513,2.325203,2.662214), (0.463409,-0.903555,1.179332), (-0.347567,-0.136195,1.001735), (2.245049,-1.081832,-0.271472), (5.120856,-0.082739,-1.929321), (-33.830920,-4.212259,18.200734), (-0.993571,-0.526114,-0.335524), (-0.226266,-0.117682,-0.197282), (-2.922724,-3.086988,-7.263142), (0.804006,-0.730482,0.330190), (1.794618,7.676773,1.642704), (10.580561,3.391527,-5.464425), (-0.674003,-1.258739,-1.151685), (10.133200,-12.379103,12.201347), (-0.913476,-3.647868,-0.970911), (1.649247,-0.691583,-5.708793), (-0.084852,-0.130853,-2.385537), (0.644843,0.416373,-1.123066), (1.472514,3.372049,0.120955), (2.673643,2.536344,9.660858), (0.923575,0.555384,0.070105), (-0.590329,0.376494,-0.262596), (0.713078,0.173455,2.245368), (-0.105084,0.887963,0.413032), (23.029610,-71.914261,-7.944563), (-2.207242,1.605522,0.969416), (-1.893262,0.060331,1.826831), (-1.190428,-1.586757,-2.980386), (0.048522,0.749991,-0.292569), (-0.465888,2.211106,0.829680), (-10.671433,7.030057,-22.036578), (-0.521953,-0.169974,0.223978), (-0.112957,0.173078,-0.009615), (0.754320,-0.804520,-1.234825), (-1.924213,4.249440,-0.698246), (-0.519620,-1.041363,2.060780), (-0.039061,2.488938,-1.096617), (1.858549,-1.842094,1.506905), (-1.320412,0.249419,-1.259928), (3.889220,-9.329647,-13.654459), (-0.235056,1.012036,-1.200461), (-0.429940,0.970808,1.657737), (-2.981569,-4.596160,8.979813), (0.801371,1.268383,0.934889), (1.333611,-7.304201,1.661384), (2.170829,4.955764,-4.735376), (0.042727,-0.623670,-0.411118), (1.790884,0.468718,-0.647791), (-21.289533,35.173705,18.226382), (0.607577,-1.866802,-0.200982), (-2.383410,-2.057432,2.405967), (0.177954,0.109966,-0.364354), (-10.442456,-0.255206,0.199884), (-11.352487,-8.657136,-1.448266), (2.088428,-0.262083,-2.151581), (2.684535,-3.560485,-0.592829), (-1.809015,1.877972,-1.040031), (-2.056565,0.232916,-0.100080), (-1.331815,-0.743708,0.767567), (-2.257744,0.155480,-2.733230), (-2.673142,-1.451199,-0.540683)
Number of Processes: 8
Total: 0.522694
Processing: 0.516084
Pre-Processing: 0.006610
90, (-0.497821,0.655469,0.487444), (0.274505,1.109796,-0.220988), (-0.179060,0.098278,0.285053), (0.251050,1.253378,-2.326680), (-2.019281,0.095504,3.084650), (1.632856,-0.334920,-2.250617), (-0.077043,-0.933575,2.312396), (-0.371816,-5.625072,-4.252129), (0.876047,-12.802513,-17.524909), (-23.811208,-5.805738,10.245721), (0.916609,3.781427,-0.107275), (-0.888140,-0.038362,-0.452900), (0.064270,-0.590677,5.271439), (-0.284063,-0.252727,-0.034216), (-0.009032,1.966386,-0.669295), (0.263237,0.293457,0.586686), (1.225283,0.621191,-0.884121), (0.117907,-0.571025,-4.073525), (-1.903157,0.300643,-2.879011), (-1.238342,-0.654813,-1.306994), (-0.056459,1.295352,17.224144), (-0.387756,0.260612,-0.116073), (1.631916,2.110959,-1.374205), (-0.238962,0.055316,1.345859), (38.360419,29.530439,-7.832232), (0.978358,0.627951,1.416600), (-1.440661,2.447215,-1.412729), (-4.321239,13.331905,-1.287758), (0.832872,0.418434,0.139617), (2.112834,0.094136,0.546568), (3.327712,1.197628,-3.689976), (-0.384047,3.699828,-4.046538), (-1.990441,-0.316495,-0.059994), (-4.239090,-1.507622,-5.888237), (1.237423,-0.668656,-0.443842), (-0.188599,-1.189254,-0.958135), (-29.402222,34.895958,27.570283), (1.812079,-4.643715,-0.019790), (5.226540,-1.311492,1.873561), (-4.694098,-0.834199,1.789957), (-0.945703,1.877156,0.380900), (-3.769978,-4.015265,-0.109140), (-3.433235,-1.144866,-1.174568), (-2.006930,4.882654,0.321993), (-0.390213,-2.771445,1.679703), (0.297924,-0.149247,0.110393), (-0.899250,-2.139570,-2.414722), (2.042831,-3.893895,3.927514), (5.738836,7.136338,-0.817603), (0.250279,-0.258275,-1.531534), (1.743319,-1.921275,0.985182), (0.859875,-0.540921,0.786639), (6.808778,-4.378282,-5.140170), (8.863317,2.550885,-9.228933), (3.085408,-1.463915,-0.930403), (-1.858792,-1.059402,1.239575), (-0.045258,-0.483867,0.515791), (1.011119,-2.386057,-1.307697), (23.628077,-74.217911,-7.621409), (0.411487,0.167867,-0.456433), (-0.814111,-0.926650,-0.024853), (-4.665104,2.417629,-1.375883), (2.854558,30.558538,-48.639313), (-0.925500,-0.038885,0.473924), (-1.237845,-2.520318,-0.199924), (-1.435992,0.688279,1.346577), (0.020922,0.512214,-0.000907), (-4.420732,2.705805,6.038918), (-0.473460,-1.101910,0.980216), (0.338653,-1.607116,0.124994), (6.068216,1.460241,7.651249), (1.433027,1.640398,0.429108), (-2.860731,2.494008,1.705380), (-0.124765,0.633732,-0.875893), (-1.084543,0.679451,-1.399986), (0.122926,1.267187,0.758875), (5.105744,-16.587458,2.078283), (0.217316,-0.620505,-0.347549), (-10.151627,2.437007,-8.151078), (-0.016414,0.086609,-0.071511), (-3.089688,-4.770677,4.581960), (3.587605,1.113395,-0.674462), (-2.478392,1.090361,-0.139064), (-0.139694,2.487539,1.672828), (-0.191637,-0.058617,-0.578884), (-0.931059,0.891293,-0.247952), (-0.108491,1.040993,2.615331), (1.862164,-0.485682,2.511912), (-0.076622,4.706053,4.280372), (2.740692,2.162291,2.320787)
Number of Processes: 8
Total: 0.553785
Processing: 0.546225
Pre-Processing: 0.007560
90, (-0.640425,-0.145619,0.436644), (-0.544366,0.303500,0.873910), (-0.080657,2.003896,-0.508250), (1.204452,0.687835,0.109065), (-1.721064,-1.536607,-0.107679), (-3.235408,-1.821390,-1.132724), (0.048613,-0.068075,-2.434517), (-1.316507,-1.008696,-3.354088), (-1.148040,-1.909849,-1.486092), (0.534722,-0.636083,0.383895), (-2.515391,1.700642,0.735940), (0.765553,3.291600,0.411179), (-2.891713,-0.474758,0.892469), (0.438296,-1.481287,1.571354), (-0.493343,-0.456772,-0.143950), (0.880374,-0.007037,0.349271), (-1.139383,-0.018913,-1.667978), (-0.891877,1.178140,1.335241), (0.400743,0.435618,0.606442), (0.868684,0.151609,-0.710283), (3.145412,0.520430,1.558925), (0.336985,0.336209,-0.003406), (-0.060147,-0.239834,-0.431596), (1.436343,-3.301227,0.939120), (0.028742,-0.322803,-1.209869), (1.967526,1.819229,0.721354), (0.826701,-0.427986,1.251100), (3.542526,-1.239829,0.055103), (-1.977745,-0.328081,-0.809381), (1.168544,0.665285,-1.767946), (1.031632,0.747610,1.196535), (0.079072,-1.428880,-1.490607), (0.158064,0.218267,-0.522719), (-1.257404,2.921366,1.876505), (-0.770476,-0.588325,-0.806974), (-0.362527,0.041982,-0.103577), (2.968797,1.548364,-0.840903), (-1.382361,1.066261,-0.704426), (-0.375770,-1.205431,-0.370805), (-1.370987,2.986951,-0.744259), (-0.119676,0.230146,0.306670), (2.563885,-0.166228,-2.115276), (-1.952901,0.794022,2.586882), (0.237669,-0.039977,0.223564), (-1.395924,-1.119369,4.424611), (-0.915098,1.700282,0.331955), (0.014921,-2.240100,-0.143633), (0.566859,-3.276848,-1.703321), (0.421327,0.896996,-0.266009), (0.996058,2.410693,-1.890354), (1.184764,-1.391552,-2.860956), (1.864051,-0.096966,0.717431), (-0.364158,0.985476,-0.480445), (1.128283,1.519305,-0.586929), (-1.771887,0.499167,0.408841), (-0.820465,1.550433,-3.392342), (1.890696,-1.326580,0.755306), (-0.548168,1.325696,-1.700389), (0.246041,1.784303,2.371824), (1.115076,-0.739672,-1.356002), (0.487908,-0.147459,-0.195176), (-1.338476,-3.317892,0.345431), (0.121993,-0.462974,-0.031820), (-0.128222,0.404974,-0.130383), (0.622209,-1.462708,0.252799), (-1.342913,-1.805580,2.022776), (0.029135,0.009911,-0.069436), (1.972793,0.193932,-0.600983), (-1.197944,-0.731967,0.333541), (0.404637,-0.763116,-0.562970), (1.240933,-0.665699,-0.190096), (-0.355210,-0.675491,1.341316), (0.181149,0.664102,-1.160184), (-1.321512,-0.153931,1.372617), (0.052524,0.508090,1.449734), (1.600119,-1.644628,2.651435), (-0.137412,-0.190130,0.194994), (-2.766302,1.014797,-1.466250), (-1.083246,0.035403,-0.294643), (1.552798,0.525471,2.612335), (-0.767335,0.610065,0.123238), (-4.802427,9.481826,33.867641), (-0.117295,0.908973,0.424472), (1.448818,-1.946172,-0.727475), (-0.656914,-1.642899,0.747341), (-0.511376,0.252510,-0.733113), (-0.140930,-0.099520,2.534842), (-0.208457,-0.804964,0.445264), (0.455677,1.616012,0.642163), (0.105160,-0.172141,0.748089)
Number of Processes: 8
Total: 0.532687
Processing: 0.525418
Pre-Processing: 0.007269
90, (-0.538866,0.132111,-0.429724), (-0.679521,-0.344675,0.169088), (0.998699,0.211149,2.784765), (-1.644306,-0.306891,0.153605), (0.031388,-0.404459,0.205086), (0.659880,-1.697716,-2.415749), (-1.494480,2.632909,-0.691648), (-4.456955,9.763670,36.026604), (0.250610,0.857777,0.905429), (0.757888,-0.333643,-1.717144), (-0.416079,-3.314863,0.003135), (15.701113,2.724443,3.708928), (-2.234973,-0.263039,2.720260), (0.024473,1.597023,-0.508682), (0.066585,-0.008351,0.072466), (0.723444,2.557686,-3.113246), (-0.294190,0.093153,0.211717), (-0.929733,-0.167789,1.045597), (-1.112811,-1.342246,-0.096431), (0.801312,0.529863,0.394193), (-2.206053,2.214959,1.317965), (-0.343637,-0.872628,0.714044), (-0.124687,0.304434,-0.086637), (1.663844,-1.350567,-5.132053), (1.161530,-0.318305,0.531099), (1.332653,-1.546335,0.501238), (0.281283,-0.866752,-0.958363), (-1.441755,-2.024003,-2.859921), (1.448041,0.654209,1.110092), (1.986340,0.517201,-1.988067), (-0.527366,0.806977,1.764098), (-1.323686,-0.017488,-0.824662), (-0.192024,-0.133222,0.659936), (-0.601791,2.242934,2.245493), (0.134891,0.375471,0.293288), (-0.221004,0.875120,0.092047), (-2.329275,-1.139456,-1.204172), (2.631956,-1.556253,2.004339), (-0.890084,0.369060,0.061877), (0.826642,1.751525,1.611111), (1.196701,0.178357,-0.268416), (3.045127,1.165697,1.781101), (2.483372,-0.256017,0.453459), (-0.751465,-2.342821,3.625835), (0.009399,1.613720,4.311114), (2.356967,2.127509,0.209056), (-0.009017,0.221302,-2.929388), (-2.343918,-2.649162,0.430298), (-0.143326,0.662524,-0.660321), (2.638575,-1.815068,-1.290050), (0.338535,-2.090720,1.931446), (0.455505,3.440823,0.227850), (-0.067026,-0.090887,-0.926086), (-0.348472,1.585242,-1.774335), (-0.203487,-0.139476,-0.126851), (-1.072653,1.111620,-0.549400), (-2.138444,0.711024,-2.350562), (-1.457066,0.838483,0.829098), (-1.073889,-1.517290,1.201601), (-0.540323,-0.580493,-0.529346), (0.119681,0.117059,-0.315510), (1.733903,-3.338336,0.602700), (-2.293231,-0.533722,1.143771), (0.697419,-0.726186,-0.117799), (0.389005,-0.057711,0.525402), (0.900098,-1.947846,-0.836800), (0.138816,-0.360999,-0.281257), (1.648732,-0.710371,-0.661141), (0.252179,0.055672,1.331072), (-0.452250,0.533445,0.682520), (-2.369068,0.957718,-0.387039), (-0.640731,0.480493,-1.488102), (0.645655,-0.062892,-0.701664), (1.676985,0.888109,-0.476934), (-0.440721,-0.581746,2.065260), (-0.565773,-1.830335,-1.066600), (1.217004,-0.511460,1.694474), (-0.548199,1.812711,0.572567), (-0.122677,-0.988750,-0.119503), (-7.174485,5.548137,-0.131578), (0.027051,-1.860286,0.309993), (1.144914,2.028475,-1.216785), (0.606704,0.722378,-1.273864), (3.908961,0.305175,-1.016096), (-3.870269,-0.110939,0.277978), (-0.681085,-0.694494,-1.630409), (0.737523,1.563339,0.234795), (0.462843,0.637207,-0.259065), (0.484959,-0.033546,-0.014175), (0.442829,-0.829306,0.843201)
Number of Processes: 8
Total: 0.544559
Processing: 0.537459
Pre-Processing: 0.007099
90, (1.857750,-1.053324,-1.909882), (0.070208,-1.053939,-0.528373), (2.239157,2.150063,2.137254), (-0.869775,-0.673326,-0.956428), (-0.028695,-1.037830,0.612677), (-3.515167,-2.659011,0.174507), (0.284005,-0.729640,1.695245), (3.239319,-0.209991,-0.797627), (-0.517664,0.538751,-1.342943), (0.540857,0.465698,0.618478), (-1.883197,-0.668069,2.763654), (1.157573,-2.638260,-3.337107), (-0.565353,-3.815875,1.649312), (-1.190923,1.337424,-0.385223), (0.025906,0.041536,0.236367), (-3.328122,0.340172,-3.635954), (0.687536,1.020808,-0.201315), (-0.858019,0.161271,-0.548906), (-0.623897,-0.810909,0.052086), (0.157126,-1.195676,-1.789419), (0.790204,-0.322786,0.811078), (-2.385169,1.136275,1.235550), (-0.288425,-0.307420,-0.378968), (2.192307,-3.579226,-0.263986), (0.106675,-0.509043,0.051733), (2.054987,-1.647397,-0.076600), (0.922594,0.171612,-0.183686), (-3.570005,0.143648,-0.156554), (-2.063428,-1.256996,-0.655702), (-2.272565,-0.533330,0.855025), (-1.329458,-0.392079,0.041766), (1.582995,0.735793,0.534538), (-0.042965,0.268345,1.218456), (-1.237184,0.625881,0.292135), (0.021811,-0.277431,0.615896), (0.085802,-0.036680,-0.113550), (-7.484035,0.107007,4.529215), (-1.552766,3.764516,-4.889227), (-0.598434,0.065999,0.047137), (-0.830497,-3.509969,-0.813744), (0.798198,-2.033667,-0.734346), (-1.185081,0.198635,-2.298950), (-0.365813,0.692516,2.411024), (-0.078559,-1.566330,3.004709), (-0.714282,7.002806,19.373431), (1.682240,-0.356561,0.119519), (-1.491686,-1.553787,-2.405948), (2.823611,2.055777,-0.039520), (-0.019637,1.164886,0.384938), (0.154242,3.572791,1.210310), (1.414937,-1.166743,1.251586), (-2.272256,2.159260,-1.147340), (-0.153791,0.190910,-0.079180), (0.775906,-0.914432,0.055480), (-1.125835,0.361139,1.209123), (-0.259839,2.362677,-0.452345), (-2.007114,2.838429,0.555441), (1.130854,0.197380,3.377401), (1.128204,0.250259,-3.466299), (-0.791823,-0.693438,1.369870), (0.213273,0.416178,0.126835), (1.742025,-2.499931,2.030223), (-0.376695,0.658056,-0.095933), (-0.708843,1.586641,0.965074), (-1.211801,2.243073,3.387458), (10.616164,-1.268071,-0.780523), (-0.218454,-0.188803,0.089395), (-1.295636,-1.781827,0.927904), (1.029125,2.089495,0.070290), (1.023998,-0.571055,-0.895685), (0.451997,0.193433,-1.984330), (0.752093,1.434432,-1.333170), (0.468577,-0.107809,0.150572), (-0.000127,-0.327656,-1.113256), (-1.902081,0.349299,-0.831611), (0.194914,-2.123162,0.794949), (3.044247,-0.086585,1.439055), (-0.618486,-1.847426,-0.459813), (-0.280720,0.394162,0.484789), (1.090364,0.354469,1.716789), (0.253498,0.370774,-0.296283), (0.490146,1.485625,1.268721), (0.560703,0.385859,-0.939296), (1.804888,2.408739,-2.008733), (-0.624716,2.041953,-2.034418), (-0.143675,0.212645,-0.594188), (-0.171370,1.099287,-0.683795), (-0.629932,-0.227984,0.600918), (1.709585,0.506360,-0.993267), (0.344218,-0.257159,-0.444546)
Number of Processes: 8
Total: 0.526242
Processing: 0.518906
Pre-Processing: 0.007336
90, (-0.197646,0.020109,-0.035097), (0.015890,0.250339,-0.230099), (0.592380,-0.024658,1.470079), (-0.085423,-1.645269,1.267378), (1.821155,3.563744,1.439962), (2.029471,-1.971796,-0.534715), (3.360803,0.567596,-2.251562), (-0.854104,1.619166,0.149753), (-0.708574,0.044015,0.258581), (-4.682875,-0.055024,2.343732), (4.082325,1.441067,2.469951), (0.330481,3.149503,-1.466831), (0.332329,-1.639725,-1.349680), (-0.237315,-0.265620,-0.525208), (-1.785299,-0.030452,10.080254), (0.158792,0.032010,0.075691), (1.410625,-0.722324,-0.266253), (-0.915751,-0.605304,0.644728), (1.318132,0.074400,0.606916), (0.408092,0.008926,0.532809), (0.466850,0.693882,-0.192748), (-0.179671,0.240776,0.939516), (-1.899142,8.169879,0.592946), (-0.474553,-0.464175,-0.027973), (1.330399,0.989896,-0.148235), (-1.241864,0.587244,-0.115424), (-0.977522,-1.949153,-2.867627), (0.607329,-0.446923,-0.660342), (2.298742,-0.453301,1.515249), (0.190877,-0.397741,-1.397021), (-0.653230,2.674814,1.294211), (-0.552128,0.225284,-0.431995), (-0.110385,1.071268,1.776179), (0.520614,-1.624111,-0.070549), (-0.491767,0.578931,0.268445), (9.135707,-5.684102,-9.562792), (1.133502,-1.186791,1.016059), (0.653849,-0.497765,0.212785), (1.110375,0.947599,3.053676), (-1.083260,-0.387119,-0.432097), (2.523573,0.196782,-0.237994), (-2.128310,0.743507,-0.887270), (-0.813594,0.961571,-0.975436), (-2.699367,-3.269846,-0.829412), (-3.451618,-0.442957,-0.036853), (0.469093,-3.212957,0.972433), (0.776608,2.209031,0.214690), (0.113840,-0.844886,-0.200654), (0.533509,-0.966239,2.688201), (-0.994711,-0.096345,3.248667), (-0.498128,-2.725624,-0.614896), (0.119017,0.251498,-0.778085), (-1.867678,-1.837168,0.818059), (-0.671824,-1.394548,0.078329), (-1.560329,-2.561797,2.807004), (-2.221478,1.373026,0.831805), (-1.859413,-0.157630,1.793861), (-0.460191,-1.039331,-0.917083), (-0.549269,-0.549873,1.629734), (0.588919,0.722496,0.612642), (2.071089,-2.458966,2.563884), (0.106972,1.652840,-0.747040), (-1.744352,-1.238568,-1.019351), (-2.328395,0.093338,-2.783345), (-1.632555,2.759805,-0.556973), (-0.180834,-0.045834,0.385949), (4.504350,-1.411208,-0.459834), (-0.181698,0.815287,-0.288761), (0.709956,0.100177,-0.161454), (-0.856733,-0.060995,-1.486761), (1.428067,1.505544,-1.654532), (1.165265,0.410554,-0.991122), (2.721324,2.101578,-0.375164), (0.032883,-0.697933,0.697846), (1.596584,-1.656097,-2.852785), (1.540155,1.295840,1.297119), (-0.701656,1.536340,-2.428158), (0.158833,-0.158849,-0.258513), (0.697526,1.407507,-5.098129), (0.002633,-0.333579,0.111910), (-1.405025,2.017282,2.912486), (-0.045748,1.228589,0.573946), (1.418376,-4.058816,-1.614524), (-4.584015,2.110588,-1.317562), (0.220610,-0.132825,-2.697019), (0.253063,0.810085,-1.491155), (0.021988,0.400485,0.209780), (-1.058619,0.538077,1.033122), (-1.873978,-0.291927,0.274708), (1.571525,-0.606034,-1.488645)
Number of Processes: 8
Total: 0.520785
Processing: 0.513534
Pre-Processing: 0.007250
90, (-0.409571,-0.068288,0.493976), (-0.875787,-0.359175,0.018255), (0.021837,0.007836,0.164758), (1.829734,1.005093,0.956652), (-1.971727,-1.750447,1.778786), (-1.682821,0.268943,3.311584), (11.869628,6.991985,0.758955), (1.003166,-1.310090,-0.996115), (-0.220006,0.578765,2.124749), (-4.509669,-0.806245,1.695245), (3.529392,-3.166918,0.108075), (2.104368,3.329231,-1.735314), (1.305579,0.941007,2.638955), (0.663767,0.759743,0.918943), (4.183539,0.375408,4.566915), (-0.211244,-1.567011,-0.156516), (1.079184,-0.266261,0.595456), (2.184360,1.060703,-0.639093), (0.260183,-0.411408,0.308412), (3.371676,0.103760,-4.693398), (-0.187341,1.304518,-1.618570), (-0.339347,0.656808,0.929292), (-12.482059,3.576384,14.300033), (-1.068294,0.279042,-0.577041), (1.980019,-0.485353,-0.076264), (-0.308324,1.438360,0.335668), (-1.735759,-2.244154,-3.024133), (0.308935,-0.396508,-1.911849), (-2.284596,0.539846,-0.304821), (0.727375,0.719654,-1.051068), (-0.188666,-1.466376,-1.345493), (-0.266877,-0.013272,-0.487067), (0.036048,0.369943,0.407022), (-0.472584,0.504175,0.087170), (-1.556451,0.878076,-1.760431), (-3.201135,-0.691205,-11.229934), (-3.697542,-0.130304,-2.407329), (0.292532,-0.393201,-0.817944), (1.467667,-2.622861,1.679839), (0.262431,2.102132,1.292943), (-0.753725,2.864357,-2.856394), (1.230949,1.308014,-2.374329), (-2.552893,-0.970386,-0.464496), (7.131565,-14.160551,-8.793271), (4.009952,0.420068,0.441603), (-2.785780,-4.497944,-0.267004), (-0.404173,3.594435,-0.270386), (-0.278199,0.039940,-0.041269), (0.243301,-3.399329,-1.149305), (1.651349,-0.109617,-1.756838), (2.056339,2.970673,0.926287), (0.030468,0.300390,-0.100022), (-0.249887,0.775235,-0.534080), (0.949541,-0.153343,-0.440860), (2.493339,-1.378673,-1.298463), (-0.541001,0.176559,-3.315113), (-2.596903,2.414006,-1.087470), (-1.439929,-2.097838,-0.468911), (0.615737,1.948297,-0.541174), (0.334817,0.287571,-0.488113), (-7.712820,9.545988,-0.305625), (0.583954,-0.848654,-0.103384), (0.502968,0.113946,0.152365), (0.844070,-2.126641,-3.254024), (1.288042,-2.139714,0.050094), (0.163001,-0.148613,1.004954), (-1.131533,1.569072,-0.418911), (-1.229841,0.479646,0.386539), (0.358972,0.936719,0.015302), (-2.224899,2.762103,1.323669), (-2.348255,0.265954,1.275200), (-0.170705,-0.659859,-0.351075), (-0.917499,-0.722735,-0.805927), (-0.328737,0.170551,-1.197423), (0.368137,3.415452,3.385149), (-1.370613,-0.590392,-1.818496), (2.353031,-0.752063,1.626536), (1.116865,0.617315,-0.062350), (0.365832,-1.858662,3.568648), (-1.404583,-0.951064,0.500637), (-0.443241,-0.968456,1.949248), (-0.202305,-0.357595,0.079192), (-0.338205,-0.931706,0.587140), (-4.255211,1.270915,0.121098), (0.636853,-1.258706,0.869078), (-0.505875,-2.446335,0.965732), (0.126783,-0.121906,-0.182836), (-1.204137,1.425264,1.213957), (-0.956545,-0.171526,1.202560), (0.961799,-0.308133,1.782658)
Number of Processes: 8
Total: 0.523698
Processing: 0.516455
Pre-Processing: 0.007243
90, (-0.758831,-0.740460,-0.253274), (0.052495,0.517765,0.023533), (-0.216971,0.146865,-0.124549), (0.394720,0.009132,-1.091410), (-1.628852,-1.799735,-0.449756), (0.822356,-0.788498,-1.757749), (-1.760909,-1.131458,-2.611327), (0.593757,0.521789,1.271417), (0.273043,-0.257347,0.217971), (4.248937,1.819496,-2.592944), (12.731468,-11.266594,-9.071270), (0.410698,-6.113208,1.014565), (-0.018625,3.202898,1.198042), (0.955607,2.311742,-0.622329), (3.908051,1.007968,2.810240), (-0.238772,-1.823878,0.079513), (-0.858875,0.025857,0.829454), (-0.518598,0.761987,-0.256740), (-1.042783,-1.054351,0.629977), (1.675150,-2.430280,-2.867022), (1.958237,-1.065561,-0.460715), (-0.426063,1.645209,1.193543), (0.456953,0.294403,5.593849), (-0.105868,1.247971,-1.269420), (-0.391045,-2.825002,-1.284295), (0.414622,0.287270,0.460035), (-2.854795,0.345792,-0.898919), (-0.247958,0.172747,-2.365471), (1.640933,0.608150,2.041926), (1.563927,2.181702,1.288392), (0.727198,-1.803219,-0.850605), (0.573970,0.195896,-0.206732), (-2.276406,2.128512,2.714297), (-1.665031,-0.290890,0.159616), (-1.408553,0.873980,-0.527997), (-4.284798,-1.260023,-0.552369), (10.500956,8.084910,8.096461), (-0.328551,0.687128,0.596928), (0.180512,2.921674,-3.155618), (0.092891,0.060866,-0.003015), (-10.106459,2.335974,9.195419), (1.414874,0.286199,-0.739500), (-2.625212,-1.597471,1.102052), (0.415853,-0.069664,-4.313335), (3.879386,-1.553650,0.155568), (-0.750803,-2.714780,1.402844), (1.550607,-1.811083,2.713323), (0.013741,0.358217,-0.546874), (6.332252,-7.432526,5.579862), (0.955504,-1.618026,0.713909), (0.578197,0.982751,-0.439233), (-0.155743,0.101510,0.297629), (2.521840,4.104261,0.015921), (0.354772,1.249186,0.427708), (-1.635553,-1.859322,3.569163), (-1.247779,7.911614,0.179265), (-2.418503,2.258189,0.074445), (-0.516409,0.487072,1.718489), (-0.374621,-0.421519,0.432213), (-0.010004,-0.777106,-0.634312), (-2.364039,-4.891312,-2.747454), (-0.240250,-1.120503,1.348387), (1.374065,0.922426,0.386644), (-1.430580,0.913725,0.698081), (-5.447626,3.036625,-1.075910), (-0.512687,-1.062438,-1.403711), (2.245385,-0.309076,-2.030223), (0.615973,-0.528613,0.894231), (-0.187123,-0.239859,-0.025729), (-0.744641,0.134718,0.054619), (-1.589997,-0.344033,1.918019), (-0.510951,-0.108027,-0.542202), (0.171401,1.449152,2.800012), (1.162949,-0.084601,0.239090), (0.320048,-0.472262,2.268406), (-0.479763,1.732706,-0.172109), (1.785403,-0.482533,1.070048), (-0.033705,-0.076758,0.916658), (-4.037719,1.218906,-5.870026), (0.141267,-0.188971,-0.353898), (1.108498,1.005523,-1.913522), (0.796498,-0.633150,-0.335646), (-3.058646,0.530375,1.098364), (2.737940,0.798904,-0.110885), (-0.582588,0.329145,-1.166867), (-1.538420,1.092368,-1.937479), (-1.082371,3.124707,-1.180156), (0.103840,-0.876673,0.142421), (-1.459404,-0.318842,-0.971345), (1.408029,-3.201593,0.095063)
Number of Processes: 8
Total: 0.524497
Processing: 0.517265
Pre-Processing: 0.007231
90, (0.278087,-0.113936,-0.025506), (-0.129183,0.057681,-0.019724), (-0.069489,-0.182877,0.270210), (-0.611567,1.166294,-0.410763), (-5.467375,-1.317413,0.331021), (-0.655782,-0.737363,1.746136), (-1.573415,0.372960,3.260021), (0.342160,2.103353,1.613930), (-0.350673,-0.745209,0.283563), (-0.439511,-8.317386,2.665574), (13.792649,-9.878352,0.658605), (0.203838,0.852079,-0.385899), (0.178528,-1.137676,3.025102), (-0.665115,0.584209,-1.826182), (0.074379,-0.360860,0.890701), (-0.147228,-0.279466,-0.274455), (1.866416,0.276921,0.336478), (0.330699,0.388484,-1.132876), (-0.423969,-0.964588,-0.469411), (2.201271,-3.277310,-0.474666), (0.508037,4.789999,0.805561), (-1.186224,0.689432,1.548530), (-1.083049,-2.355712,5.821069), (0.339289,-0.733014,0.091908), (-0.966970,-1.532687,0.576401), (-0.407313,0.327058,-0.613544), (3.241040,18.260980,3.741331), (1.051480,2.169355,4.387280), (1.132745,-0.483641,1.525992), (1.024598,0.844041,1.032790), (1.000178,-1.821149,-1.899843), (0.438565,-0.222300,-0.573124), (3.174351,0.827519,-1.034841), (1.277819,-0.057792,-1.049149), (0.425388,1.766150,0.105571), (-3.799401,6.523154,5.119965), (2.610191,1.106280,2.234091), (-0.407155,-0.276174,-0.983946), (-12.635806,0.679815,-9.131719), (-2.726537,-0.121024,-0.539558), (5.335213,2.920644,-0.596989), (-3.310762,0.380721,1.604255), (1.211622,-2.702394,1.938431), (1.100595,4.339260,-4.416998), (0.321084,-1.897357,-0.214263), (3.310111,-0.743568,0.772652), (-2.368292,-1.949350,-0.274864), (0.283852,0.772356,0.439551), (-1.576547,-4.003816,-2.668984), (3.266287,-1.599893,3.965224), (-0.290789,0.244326,0.444007), (0.574471,0.017877,0.579835), (-1.951401,-0.460878,0.863992), (-0.591057,-0.084535,-0.040497), (4.185897,-1.719731,-2.144815), (-4.168900,3.665672,-0.683842), (1.473919,0.408563,-2.291729), (1.282446,2.657311,-1.550452), (0.054350,1.591016,-1.395619), (-1.247759,0.303192,-0.504686), (-1.522212,2.642371,-2.271609), (-1.104370,0.469996,0.341902), (0.493074,-0.932915,-0.862668), (-2.870388,-0.206326,-2.985245), (1.216586,-1.667207,-4.751297), (-0.307688,0.496437,-0.023369), (-0.757450,-3.257037,0.502447), (1.219432,1.078249,-0.659116), (-0.778215,-0.245680,0.731731), (-1.270858,-0.642203,-0.201629), (-1.796591,1.242103,-1.148931), (0.132636,0.262138,0.139983), (0.325654,0.413816,2.311771), (0.760355,0.399488,-0.133944), (-1.764103,2.577556,1.909619), (0.223155,-1.408733,1.054898), (1.875866,2.213875,0.436809), (-0.002240,-0.625928,-2.067288), (-0.753313,2.703858,-0.024463), (0.081644,0.197919,-0.333826), (-0.736293,-1.976318,-1.233496), (-0.525991,1.315579,0.602444), (1.412659,-1.453810,0.554594), (-2.148962,-1.967663,2.135261), (1.076847,-0.443220,0.057922), (-2.057000,1.438233,0.297543), (-0.128653,0.482525,1.182576), (1.956626,-1.089206,-0.732314), (-1.454181,-0.671488,-1.543812), (-0.159941,0.876700,-3.502288)
Number of Processes: 8
Total: 0.534175
Processing: 0.526841
Pre-Processing: 0.007333
90, (-0.342814,-0.164119,0.287883), (-0.176746,0.330204,0.672440), (0.003255,0.000483,0.040517), (0.839668,-0.018846,-0.131950), (0.532184,1.031468,-1.853496), (-1.172097,2.041231,-1.752526), (-2.157231,-0.372518,-3.220719), (2.350667,0.283090,1.565865), (-0.028575,0.362821,-0.834234), (-3.479145,2.729062,2.041694), (7.967638,-9.590149,-1.465180), (2.082016,9.504929,0.630398), (-1.331326,-1.633732,0.067804), (-1.018638,-0.505014,0.618467), (-4.105797,-0.525842,1.453743), (-0.151709,-0.960129,0.425967), (-0.899865,0.043372,-0.678394), (-1.237703,0.965825,-0.556659), (1.370486,0.486598,0.414508), (-0.794442,-3.255825,-1.129560), (1.362925,2.952619,-0.938971), (-0.475623,1.123647,0.599914), (-6.318439,2.398215,7.963602), (-0.808931,0.290397,1.251742), (-1.885835,4.341786,-0.751353), (0.762165,-0.412898,-1.055225), (8.753070,-6.188032,-17.253482), (0.184967,0.038987,-3.293340), (-2.361920,0.439538,-1.470559), (-0.262170,3.349750,2.320155), (-0.729016,-0.648653,-0.213027), (0.600328,-0.767837,-0.137855), (-1.127216,-1.141063,-1.425952), (0.100441,0.330717,-0.193784), (-0.056694,-0.433511,-0.088990), (-1.960750,-0.326345,-0.147230), (-6.689703,0.187988,-2.578583), (-0.832132,0.237204,0.179206), (5.688453,-0.470076,4.002942), (1.820892,-0.883101,-0.417282), (0.204951,-2.083967,2.486069), (3.017928,0.423248,-0.229663), (0.352115,0.280761,0.269041), (23.153894,27.112696,17.754120), (-3.170282,-2.025320,-0.830680), (0.136118,-2.953950,-3.599504), (2.372703,-1.818768,1.200274), (0.240003,-0.091830,-0.331829), (0.080489,-2.336766,0.559390), (2.043072,-0.804658,-6.374471), (2.480780,2.816106,1.415674), (-1.724408,0.747859,0.528195), (-3.345204,1.322780,-0.171403), (0.511619,0.387873,1.224059), (0.761081,-4.759311,1.063180), (-1.921310,-0.085198,3.588710), (-1.189098,2.166862,0.092609), (1.631218,1.574049,0.138544), (-0.003626,-1.472300,-0.543054), (0.651769,0.704836,-0.506307), (-3.776967,-7.208253,-2.122532), (1.006323,-0.377323,0.711812), (0.319886,0.967394,0.250241), (-0.244345,0.193217,2.494928), (-0.165360,-4.948387,7.394255), (-0.302224,0.016344,-0.220738), (-2.159047,-2.867011,1.424641), (-0.837869,-1.301347,1.470491), (-0.160474,-0.462579,-0.731128), (2.096863,-0.581783,-2.328553), (1.532071,0.583331,-1.028707), (-0.182474,0.303530,0.132859), (2.362400,1.958981,-2.479938), (-0.019276,1.502048,-0.721938), (0.301392,-1.377770,-1.793213), (0.895689,-1.428948,0.551106), (0.280936,2.225565,0.332782), (0.642950,1.508682,1.469285), (-0.940847,3.368709,-4.336515), (-0.849218,0.552106,-1.693376), (0.991532,-0.679432,1.948081), (0.241785,-0.241818,0.388435), (1.852770,-2.593921,-0.978977), (5.826843,-0.392440,-0.812167), (-0.405096,0.698568,-0.239112), (1.443476,0.754143,3.873952), (-0.075306,-0.160805,-1.626831), (-0.053288,-0.428461,1.152353), (-2.070895,-0.357677,1.507785), (-1.177117,1.556561,1.744338)
