Number of Processes: 1
Total: 4.042263
Processing: 4.016959
Pre-Processing: 0.025303
90, (0.720210,-1.652418,-0.880400), (-0.422721,0.062080,-0.480701), (0.067081,0.404816,-0.902791), (1.405359,1.666232,2.053958), (-0.963571,1.567306,0.046975), (-1.418477,-0.384434,0.706776), (-0.350660,-2.848060,-0.925153), (-1.512769,1.273567,1.576756), (3.051397,0.383778,0.240726), (-2.476816,0.676152,-0.732244), (0.605032,-0.078287,-0.294005), (2.130934,1.253931,-2.023605), (0.259683,0.391132,1.802881), (3.301538,-0.936047,-1.259224), (-0.214104,-1.815328,-0.074017), (-0.382458,0.782408,-0.412898), (-2.859770,-0.604949,0.683241), (-0.923405,-1.161179,-0.949306), (0.072560,-1.163064,0.611983), (1.043740,-1.541544,0.236808), (-0.524479,-0.166449,-1.088626), (1.729291,0.709030,0.990650), (0.762535,-0.623217,0.310059), (-1.819496,-1.810109,-0.193907), (-0.212079,-1.127063,2.978024), (-0.724959,-0.280607,-0.051214), (0.420043,-2.687236,1.145880), (0.973946,0.406713,-0.905481), (-0.510728,1.066869,2.903326), (-0.655029,-0.110358,-2.112313), (0.749475,-1.219561,1.580875), (-0.739613,-1.002019,0.091200), (-0.359219,0.773321,0.405952), (-0.129819,-0.562401,1.464182), (1.626055,0.031326,2.496724), (-0.699267,0.312335,0.901020), (-0.178766,-0.133537,-0.069237), (-1.891244,0.410495,-2.558098), (-0.293079,2.802929,1.169060), (0.684519,0.690448,-0.172180), (-2.190882,-0.947872,-1.500666), (0.519959,0.103850,0.295503), (-2.351965,-0.425400,2.302717), (-1.242522,0.360117,-0.766267), (-1.565219,-0.467575,-0.299716), (1.017260,2.762647,-1.193596), (-1.695600,0.692773,0.476613), (-1.767270,2.271238,-1.253495), (2.282868,2.300214,0.249836), (0.114356,0.412638,0.191422), (-1.413078,-2.709498,1.386290), (-2.334591,2.175370,0.600732), (1.738899,1.130997,-0.460319), (-0.352701,0.084213,0.311132), (1.083394,-0.226218,1.032138), (0.245190,-0.381808,0.705695), (-0.168908,2.368439,-0.379023), (2.212542,-1.365435,1.617273), (2.038866,-0.716404,0.246722), (-0.920006,-1.344430,1.146840), (0.350571,-0.877727,-0.332993), (0.172301,0.331735,-0.316375), (-0.521053,-2.122527,-2.611737), (0.263039,-0.315952,0.015834), (-0.223833,0.258423,-0.079449), (1.531157,-1.892454,-1.984629), (0.835246,-0.601587,-2.712658), (0.065643,-0.172152,-0.434403), (1.118049,-0.672584,-0.527260), (0.110399,0.047075,-0.037291), (0.396510,-0.338872,-1.068322), (1.331902,0.131055,0.030178), (-0.777568,1.180477,-1.199213), (0.100339,1.177788,0.062970), (-0.991075,-0.107382,1.760825), (-0.132974,-0.563986,0.088624), (0.629684,0.739103,0.728165), (0.057303,0.229115,0.836673), (-0.048037,-1.105968,-1.418503), (-0.329844,-0.665205,-0.528009), (-0.160499,1.365524,1.211234), (-0.440973,-0.404503,0.616832), (-0.206213,1.648741,-2.723262), (-0.871041,0.345271,0.041222), (1.712298,-0.416529,-1.285641), (1.999654,-2.541548,-0.233662), (0.431990,0.684616,-1.805232), (0.413549,1.340066,-0.841662), (0.019707,-0.072155,0.278231), (0.842535,1.744692,0.396577)
Number of Processes: 1
Total: 4.037968
Processing: 4.015042
Pre-Processing: 0.022924
90, (0.305160,-0.238012,1.030222), (0.142968,0.305189,0.594102), (-0.850887,-2.836480,0.544485), (0.113704,1.850585,0.041834), (0.056620,1.163555,1.056228), (-2.063516,-2.175330,-1.225129), (-1.085492,1.505941,0.824180), (-2.888663,-1.494560,1.053329), (1.063541,1.141027,2.723214), (0.613594,-0.337770,-0.179625), (2.587145,-0.026678,-0.026746), (-0.781457,3.247994,-0.152048), (1.362987,-0.931653,-0.130726), (0.624074,-0.851622,1.949270), (-1.119292,0.561799,0.201337), (-2.864204,-0.085483,-1.387752), (0.456998,-1.339685,-0.317407), (1.138861,1.105856,-0.347565), (-0.617309,0.584152,-0.554805), (-1.005982,-0.132712,-0.323564), (2.180520,0.009200,1.730792), (1.344359,0.033545,-0.433775), (-0.148313,-0.198474,0.582466), (1.609520,-1.944873,-1.169823), (0.292695,0.121537,-0.023109), (1.290044,-2.847271,0.129239), (0.004615,-1.345726,-1.452861), (-1.766195,2.485816,1.678901), (-0.958185,1.504861,-0.378636), (-1.861853,0.325770,-0.546680), (-0.626362,-0.863770,-0.067848), (1.239955,-0.577957,0.995426), (0.060167,-0.621831,-0.141042), (-0.041053,-2.942986,-1.034482), (0.305960,1.371777,-1.313019), (-0.173408,-0.957293,0.677344), (-1.942482,0.240480,2.153089), (-1.184212,-0.763930,-1.319018), (-0.460565,0.180857,0.059620), (1.217025,2.435235,-0.744075), (0.752601,0.054521,0.347676), (-0.352802,-0.639405,3.521493), (-1.149013,0.342604,-2.836421), (2.254545,-1.534256,0.924826), (-1.501185,1.604936,4.121334), (-1.784788,-0.863432,-0.232400), (2.770364,1.706166,0.799684), (-2.810114,0.836916,0.678660), (-0.359197,-0.162027,-0.375349), (-0.585306,-1.669740,-0.404311), (1.156351,0.664239,-3.471472), (-0.790672,-0.335574,0.472249), (-0.030696,-0.042926,-0.088975), (-0.962092,0.808970,-1.522213), (0.167554,-0.158553,-0.464480), (0.512118,-1.665738,0.698208), (1.674633,-0.471769,-1.613136), (-1.674595,-0.142802,0.788400), (2.357667,1.425169,-1.252400), (-0.084952,0.272390,-0.357117), (1.472192,0.445080,0.562007), (-0.326883,2.279637,-2.113468), (-0.242876,-0.689273,-0.757834), (0.692576,0.407569,1.398016), (0.880470,-1.808371,-2.866178), (0.969473,-2.434688,2.214318), (0.510375,0.780106,0.333140), (-0.521637,-0.361559,1.585488), (-0.071120,0.106935,0.203228), (-0.584549,0.389315,0.914846), (-2.199150,1.859652,-1.003209), (0.205980,-0.194751,-2.057359), (-0.260517,-0.318700,0.108592), (-0.456925,0.801256,2.096973), (0.605163,-0.518085,-0.985166), (0.296802,2.703838,1.361977), (0.097348,0.973789,-0.417132), (-0.493809,-0.071609,-1.193224), (0.196577,-0.194846,0.182413), (-1.145872,-1.444761,-2.908457), (0.487342,-0.679016,0.409588), (-0.929079,-1.642304,2.086365), (0.154977,0.323695,-0.997746), (1.058435,0.548310,-1.394779), (3.485043,-0.993330,-1.015098), (-1.085376,-1.372494,0.817874), (0.602370,0.343483,-0.392992), (0.045451,0.456365,0.017211), (1.225159,1.514438,0.762070), (-0.333468,0.842476,0.264618)
Number of Processes: 1
Total: 4.068033
Processing: 4.044769
Pre-Processing: 0.023262
90, (-0.164846,0.087147,-0.040534), (-0.231789,-0.076892,0.401773), (-0.339106,-0.283698,-0.107620), (0.849539,-1.416100,-1.180956), (-0.053548,-1.927027,-2.644329), (-0.280831,0.327419,-4.438018), (4.322681,1.781838,3.386351), (-3.625886,1.474210,0.257078), (-2.349946,-0.464775,-0.207585), (-0.406726,-1.192804,-1.209025), (15.340416,14.844245,20.354960), (7.859075,-9.696465,7.623089), (0.415661,3.038593,0.700880), (0.059996,0.270956,2.052144), (-0.432650,-0.507572,1.226900), (-0.004115,0.570595,-0.217542), (0.031018,-0.727538,-0.390952), (0.010415,0.615551,0.484405), (0.349103,0.100351,0.855176), (1.989379,-1.845759,0.596123), (0.097285,0.200373,0.155969), (-0.484071,-0.841127,0.348573), (1.202949,-1.831783,2.989714), (-0.654964,0.133749,-0.439263), (2.047719,2.065378,0.085856), (0.532439,0.619821,-0.816558), (1.901452,-4.843632,-9.982199), (2.729573,-0.014963,0.672537), (3.749626,1.648420,-1.532604), (-0.614098,-1.762362,-0.126330), (-2.047404,-2.490510,-0.745098), (-1.263263,1.903411,-0.733538), (0.227834,1.317362,1.185319), (-0.823678,-0.079979,-1.727930), (0.161937,-0.161082,0.001593), (7.764081,3.498482,-4.342303), (9.369539,-16.749173,-14.148280), (-0.666349,0.446871,1.044555), (0.122659,-3.136215,-0.199184), (-0.150007,1.082830,-1.934581), (-1.735544,-3.676599,2.698349), (5.621683,-4.210424,-0.610696), (-0.526011,0.821896,-0.749875), (-4.953966,-2.376506,8.937022), (3.877523,8.515952,1.762102), (-1.633782,3.667240,-0.280370), (1.320438,2.264323,2.188456), (0.682714,1.224895,0.123227), (-4.620517,-1.215203,-2.137075), (1.722045,-3.336465,-2.017874), (-2.057451,-1.071325,-2.295267), (-1.429997,0.805891,0.161164), (-1.109777,-0.650789,-0.497231), (0.647239,-0.204317,-1.887865), (1.568817,-4.342884,1.817837), (-0.754020,1.044872,3.202620), (3.035640,-0.596988,-3.879049), (0.321108,1.913931,-0.778635), (2.632394,-0.775282,-1.490773), (0.640904,0.304975,0.039958), (-2.070400,6.075933,-7.549478), (0.224209,-0.562199,0.383773), (1.632333,0.523107,-0.472672), (-1.794417,1.555621,-2.709125), (-5.656909,5.158806,-0.224250), (1.034521,-0.373689,0.403662), (-3.645652,1.102609,3.587868), (-0.359202,-2.002062,1.400545), (1.500549,-0.757431,-0.387386), (-1.249686,1.808989,1.282390), (-1.988674,0.264279,1.500329), (0.073698,0.073062,-0.365700), (-1.595661,-1.197343,0.908004), (0.532627,-1.464805,0.197333), (-1.385131,4.069537,3.171363), (-1.524886,-4.190084,-3.479414), (-1.866285,0.436660,-1.060447), (0.665656,-0.277441,-0.551841), (1.277558,-0.687972,6.782805), (1.508587,1.096971,-1.935753), (1.276923,0.615103,0.965547), (-0.137882,-0.075708,-0.976896), (-3.877706,-1.584954,1.202405), (0.955025,3.478459,-2.229532), (-1.257533,-0.998043,2.805114), (-0.397512,1.325119,0.181846), (1.891751,0.249220,2.648676), (-0.515486,0.384746,0.123406), (-1.099625,-0.148343,0.327927), (0.824079,-0.825250,1.484078)
Number of Processes: 1
Total: 4.057517
Processing: 4.034280
Pre-Processing: 0.023236
90, (-0.168435,-1.394931,0.846780), (0.121553,-0.720554,-0.316587), (-0.240020,0.274348,-0.115548), (0.508414,1.208696,-0.846873), (-3.749088,-5.374070,-3.569696), (2.311317,-1.473869,1.038834), (0.447229,-2.676860,-7.458214), (-1.476933,-0.808575,-0.407381), (-0.314977,-0.313421,1.107019), (-0.918812,-3.325502,-0.266784), (1.146367,-1.610138,-0.949252), (7.795203,-11.513258,-15.901788), (-0.241110,-1.718232,-0.471917), (-0.315071,0.043142,0.353825), (-4.292683,-0.169465,1.819048), (0.105278,0.320800,0.141263), (1.032014,-2.594658,0.668991), (-0.023917,-0.011975,0.016398), (0.997772,0.160241,0.284443), (-0.422098,-0.647874,-0.855357), (1.399125,0.343797,-1.534150), (0.378722,-0.124293,-0.084882), (7.478350,-7.739652,0.882864), (0.034818,-0.460608,0.322762), (-4.061238,1.209219,-2.346924), (-1.211114,-0.107500,0.489001), (-13.592926,17.519888,4.406668), (-0.803432,0.411405,3.892555), (-2.433142,0.293283,0.694321), (0.179582,0.107335,-1.109871), (-1.390168,-1.215410,-1.688486), (-1.379124,1.380346,-1.559984), (1.614053,-0.629792,-3.464433), (-1.438089,0.088505,-3.629208), (0.331396,0.009255,0.587178), (15.057007,10.932462,9.759983), (4.447882,-0.857684,0.561064), (0.905227,-0.279955,-0.654613), (-2.058184,3.648974,-13.523563), (0.830552,-0.940798,0.278911), (-1.354581,-2.370036,2.227453), (-9.704406,0.460691,-1.195371), (0.379266,0.448745,-0.339466), (-4.203156,-5.393058,2.592432), (2.065873,-0.326956,-0.038823), (2.176002,-0.171859,3.032356), (-0.836162,0.126499,-1.432095), (0.920147,-0.412658,1.309024), (2.866920,1.688877,-1.026087), (2.434154,-4.067123,-2.055458), (2.168093,1.913798,7.590549), (0.089214,0.263633,2.189877), (-2.170655,0.299643,-0.892865), (-0.212226,1.778880,0.722428), (-1.191347,3.921549,-2.750052), (-3.530247,3.627843,4.456376), (0.248661,-1.414432,2.264499), (0.242990,-0.764750,-1.908832), (0.684170,0.862924,1.325132), (-0.149911,0.952417,-0.026842), (13.867013,-23.437149,7.187303), (-0.733861,0.527642,0.245078), (-0.126743,0.536726,0.742912), (1.975698,0.841043,1.071224), (3.598532,1.468585,-4.010494), (1.240057,2.323102,0.353913), (2.830512,-0.793866,-1.526887), (-1.682517,2.041955,1.928082), (-0.072801,-0.010545,-0.451451), (0.629704,2.173792,2.631761), (-0.900792,0.705577,1.337302), (-1.375455,1.268202,0.050172), (-1.675660,-1.493230,0.673699), (-0.375424,2.209541,-0.704442), (-0.592129,3.946922,0.658338), (-0.363397,-2.536444,-2.508021), (1.445048,0.890136,-0.330631), (-0.402836,-0.210292,-0.100236), (1.166716,-4.226008,3.646008), (-1.519688,-0.415031,2.020128), (-3.074189,-1.480552,-0.944996), (0.571000,0.964467,0.346886), (1.150244,2.767763,-1.721134), (2.848774,6.972030,0.626199), (0.163702,1.000122,-2.307747), (3.779487,2.316048,1.695521), (-0.910739,0.094924,-0.439990), (-0.422654,0.756073,-0.695222), (-0.674215,-0.756716,0.248566), (-2.719214,2.402169,0.007829)
Number of Processes: 1
Total: 4.185446
Processing: 4.159147
Pre-Processing: 0.026296
90, (-0.353336,0.917074,-0.459092), (0.417915,0.926997,-0.116135), (-1.764647,1.500056,-1.198989), (1.457164,1.501411,-0.654812), (5.243041,2.656653,-8.560506), (0.170920,-0.198873,-1.188392), (-7.615145,-6.997196,-1.305588), (0.791199,0.978725,2.684951), (0.050791,-0.467618,0.850798), (-1.206796,2.748307,0.770891), (-4.446422,3.172851,2.285137), (-0.157216,1.116466,0.609156), (-0.373773,-0.438953,2.078669), (0.627375,0.247641,-0.418502), (-5.061264,-1.826571,1.913577), (-1.030407,-0.571859,0.799398), (0.556215,-0.247656,0.293020), (-0.047527,0.005246,0.306155), (0.058716,-0.178472,-0.107322), (1.694863,8.660384,1.186003), (1.391548,0.740537,0.404220), (-0.368336,0.773931,-1.818395), (1.249358,-3.028970,-5.465796), (-1.614591,0.181520,-0.012483), (-0.144618,2.017605,-0.329843), (0.515290,-0.529139,-0.421388), (4.988477,2.166403,2.921299), (2.322333,1.403023,1.564918), (3.243168,-1.495655,2.480878), (-0.138577,2.818356,-1.974957), (-0.509324,-2.393045,-2.075711), (-0.255319,-1.467150,0.635127), (0.357865,-0.428152,-2.656933), (5.417733,-1.366190,-1.687422), (-0.893142,0.292113,-0.923555), (20.837768,3.532409,6.257193), (-3.423699,-1.149796,-5.193043), (-0.204161,0.077448,-0.070494), (1.768109,3.972736,13.090479), (-0.047220,0.293581,-0.487068), (-1.178826,-1.828649,-0.031151), (1.166857,-0.352456,1.390967), (-1.351067,-1.919377,1.807962), (-1.713625,-5.298251,-18.621093), (2.135176,-0.916927,0.586072), (2.900206,-9.197453,-0.046681), (-1.004174,1.032418,-3.676279), (-0.321961,-0.273355,-0.518088), (-1.021366,-0.635056,-0.325823), (-2.855390,4.654759,-2.090976), (-0.009546,3.252736,3.668958), (0.460540,1.011294,-1.175849), (-2.480403,-0.443544,-1.499800), (-2.940829,1.186826,0.398927), (-17.331186,33.947548,20.677565), (0.903145,-0.688233,4.373446), (1.732787,1.519799,-2.816850), (0.687505,1.872212,1.138169), (0.144141,0.207311,-0.028620), (0.827265,-1.449117,0.284545), (-17.656576,16.286518,1.696226), (-0.004627,-1.386059,-0.799950), (-0.519028,0.286823,0.823493), (2.014978,-1.350460,-2.488121), (-4.096479,-1.514866,8.334534), (-0.504579,-0.191766,0.193631), (1.233099,3.444976,0.066106), (-0.112102,-3.908684,0.141685), (-0.198593,0.475921,0.156283), (17.748417,-54.198040,-7.647360), (-1.630321,0.562256,1.323443), (-0.702902,0.304354,-0.086034), (-2.768616,-2.833282,-0.741294), (-0.619855,1.249006,1.827268), (-0.748547,-3.935271,3.145655), (-2.145796,-0.068240,2.996724), (1.331771,0.189230,-1.314175), (0.385936,0.376115,0.468195), (0.752530,-1.803806,1.779432), (-0.131620,-0.732005,0.040625), (-2.596762,-0.841916,0.560570), (-1.011188,-0.700490,-1.618446), (3.824018,2.359123,-0.908943), (-5.047912,1.080733,-2.121295), (-1.063168,1.122641,0.198333), (2.027090,-3.058492,-0.409143), (0.447204,0.525146,1.300682), (1.326814,-0.222973,-0.129532), (2.750041,0.137240,-0.567702), (1.283317,-1.199876,-1.033759)
Number of Processes: 1
Total: 4.068501
Processing: 4.043710
Pre-Processing: 0.024790
90, (-0.648760,0.408178,0.212398), (-0.235866,0.156724,-0.055980), (0.040316,1.462872,-0.800088), (-0.342522,2.821919,-0.235493), (-0.525106,0.965353,2.208316), (0.180146,0.830274,-1.981095), (-4.434119,-2.561311,1.246192), (0.781339,-0.332157,-1.737536), (1.311016,-1.156333,0.582300), (-1.931560,2.327441,1.128127), (-8.529993,1.087628,-2.965345), (-10.959381,-11.707227,-8.680524), (1.005208,1.676372,0.134689), (-0.262851,0.061618,0.935778), (45.702995,20.400574,2.779746), (-1.017623,-0.383913,0.553607), (-3.400195,0.845461,-1.043726), (-0.321046,0.693917,-0.390388), (-0.242982,1.276528,0.373262), (-1.104680,-3.449720,2.394396), (0.104723,0.159049,-0.905463), (1.114917,5.142138,0.243230), (-0.812572,-1.035777,3.984829), (-0.295124,-1.896079,-1.316360), (-1.331536,1.365066,-0.320984), (2.259324,-0.718901,-0.653366), (5.412392,-5.249631,-4.302630), (7.218890,2.176940,3.241474), (-2.630827,0.766432,2.734658), (-1.534405,5.032532,3.025127), (-2.709433,-0.715064,-2.493787), (1.783474,1.018381,-1.028991), (0.509849,0.797189,1.091819), (-3.027033,0.506932,0.621211), (0.427138,0.540441,0.178005), (-0.744177,-0.597741,-1.612102), (-1.346786,-4.685108,-4.346563), (0.094082,0.271830,-0.194090), (-1.971623,-2.948661,-0.818590), (0.431974,-0.227077,0.588077), (-1.350297,1.884911,-2.300209), (1.320630,-8.877898,11.283120), (-0.831869,-1.991955,0.423387), (0.343718,1.532173,6.649819), (-2.824897,3.827621,-0.992387), (-0.253947,-0.872864,-3.532920), (1.294259,0.892981,2.792785), (1.113173,-0.270129,-0.572475), (2.388787,0.330103,-3.321298), (-3.357175,7.662173,-3.881814), (1.826809,14.592353,3.632027), (0.093694,-0.626513,-0.779909), (2.321131,0.705883,0.890265), (-0.083910,0.396399,0.345631), (-7.561997,6.676261,2.849143), (3.587605,-3.051212,4.145102), (3.849763,-1.701680,0.016455), (0.261087,2.256585,1.598487), (0.039959,0.003162,0.137314), (1.255907,0.188272,0.368318), (20.182955,-62.179176,-8.008455), (-0.715370,-0.902492,-0.287102), (-0.584495,-0.027581,-0.555173), (-1.484083,1.120172,-5.597570), (-12.838548,-2.519844,10.413303), (0.603257,-0.320547,1.715164), (0.997408,2.651532,-2.141214), (0.733790,0.683237,-0.567178), (-0.085706,-0.156027,-0.245164), (-0.495667,-6.899872,-0.339152), (-0.908325,-0.595948,1.905368), (0.477910,-0.133229,-0.170605), (3.811911,1.817126,-0.984955), (-2.053065,-0.784688,-0.483407), (0.539553,-1.346966,-0.231354), (2.485543,2.755351,1.596276), (-2.063644,-0.762392,1.088830), (0.036380,-0.590708,0.079416), (-1.216748,-0.299415,-16.424979), (-0.161369,-1.027864,0.784089), (0.533109,-1.865273,1.943977), (-0.394599,-0.186105,0.196853), (-29.298562,37.217432,15.053493), (4.643203,4.541994,-5.991899), (-1.141697,0.534301,-1.308570), (1.016805,-3.207963,-0.066857), (-1.334414,0.176637,-0.168617), (-1.205845,0.722197,0.961237), (1.574133,-1.784213,-2.017363), (2.240825,-0.904854,1.838674)
Number of Processes: 1
Total: 4.084044
Processing: 4.061216
Pre-Processing: 0.022827
90, (0.489766,-0.677697,-1.318262), (0.282913,-0.378683,0.039102), (-0.107342,0.533877,-0.528572), (-0.150765,-0.011059,-0.067693), (1.238088,-0.403399,0.283643), (-2.354093,0.633536,-6.008649), (1.822850,-0.002636,-0.814451), (0.466023,0.960160,-0.138601), (-1.551259,-8.118029,-8.776362), (-2.764424,7.448697,1.412216), (3.128718,9.893454,-4.160798), (-1.767450,-4.099735,-1.235166), (-0.454678,-1.533070,0.176563), (-6.444937,-1.571620,-2.923143), (0.153369,0.208551,-0.076207), (-3.144792,3.089780,-1.867941), (-0.259165,0.328773,0.052718), (-0.598126,0.967159,-0.143657), (-4.427660,-3.671366,2.099681), (0.577036,0.247420,0.357280), (0.367505,-0.272353,0.941948), (6.405876,-2.663739,3.465301), (-0.045503,0.005486,0.327002), (3.916760,2.061441,2.110828), (1.292743,-0.272401,-2.498275), (-20.749027,-8.916927,3.848802), (0.925800,2.946119,-2.514751), (1.453445,-0.530600,1.502391), (0.088414,-3.713763,4.322825), (-0.714206,1.030376,2.480767), (0.459786,-1.301470,0.797993), (1.256648,1.354439,-1.032665), (-2.302971,-0.351283,3.118687), (-1.145450,1.070127,0.690516), (4.499271,4.736379,8.233622), (8.453027,-1.682397,-3.853465), (-0.609881,0.042602,-0.407273), (-1.863674,4.892125,-22.775066), (0.036306,-0.144473,-0.534579), (-12.422932,6.440226,-0.575472), (3.078356,-0.442158,0.543183), (0.320289,3.364843,-0.200074), (-3.180569,1.452321,6.260004), (1.324398,2.299103,1.356153), (-2.126569,2.413202,1.488562), (1.828163,-2.332894,1.122156), (-1.368916,2.314930,-0.232296), (0.877473,-2.700959,-3.739603), (4.520999,-13.278907,6.893258), (-0.162931,3.074232,3.368629), (0.748000,0.130301,-0.521694), (0.670751,0.668700,1.608710), (-0.721862,-0.121982,-1.331545), (1.708714,1.655187,-5.358711), (2.223209,-5.202208,-0.197593), (-0.172284,-0.801616,2.331187), (-1.431889,-1.659704,-1.139891), (0.272795,0.518829,-1.395636), (-2.871103,-1.289515,-0.211829), (36.320239,14.150329,-3.573194), (-0.360624,-0.853535,-0.685806), (0.025237,0.667911,0.420405), (2.391779,-1.855608,-1.176317), (-4.199565,0.639015,0.983649), (-0.716396,0.080243,0.344592), (-0.311697,-3.125259,1.159254), (0.396026,-2.342132,-1.035529), (-0.327322,0.427652,1.073128), (-1.635142,0.007155,1.196871), (-1.560529,-1.676701,1.247586), (-1.084388,1.295089,-1.409336), (-0.729173,-1.262279,-2.613890), (-2.420333,0.869100,-0.047654), (-0.527051,-0.553438,0.897964), (-0.533461,0.733875,-2.932178), (2.606983,2.188333,-0.289506), (0.003802,1.721822,0.789761), (21.903143,-67.965630,-8.085969), (-1.410401,0.366425,-0.358052), (0.068026,1.749953,-0.768076), (-0.346442,-0.470181,0.065266), (-21.692991,38.185955,10.741010), (6.381833,5.219885,0.212453), (-2.451382,-0.024420,-1.911121), (-9.430045,12.130624,12.466665), (0.812545,-1.106346,-0.318857), (1.445786,0.853504,0.508082), (-1.342136,-0.638656,-0.116733), (1.865631,0.103127,3.432412), (3.711565,0.553916,-2.026283)
Number of Processes: 1
Total: 4.037156
Processing: 4.013733
Pre-Processing: 0.023421
90, (-0.938769,-2.005884,0.339403), (-0.217028,-0.965115,0.286745), (0.447904,0.160906,0.855276), (0.282104,0.280471,0.137112), (-4.148483,0.819200,-0.883203), (35.389149,25.292761,-4.853064), (-0.203189,0.226389,0.399624), (0.781205,1.554075,-0.384540), (1.060352,-2.161165,-2.325093), (-4.867507,3.513326,-4.736683), (6.484453,-4.488457,1.352039), (0.124527,-2.992313,1.571388), (-1.015339,0.462665,0.598911), (-4.292748,-5.187658,-0.609533), (0.102254,-0.192426,0.170750), (1.456477,1.577971,-2.197256), (0.900386,-0.269862,-0.324354), (-0.299927,-0.020670,-0.927593), (-1.079175,0.682925,3.748997), (3.124465,1.504532,0.237107), (1.775035,0.060599,1.089097), (-5.981731,7.146198,9.207083), (-0.832998,1.263078,-0.148200), (7.330447,3.767765,5.788698), (-2.196333,3.795273,2.817416), (-4.365019,0.695545,2.522535), (-0.672590,1.916377,-3.165685), (3.259609,0.428975,2.818023), (1.458897,-1.628375,4.544644), (1.288453,2.359961,2.632724), (0.513626,-0.980862,1.201160), (-0.316690,-0.197841,0.989687), (2.340270,-1.033589,-0.252648), (5.146118,-0.109518,-2.006261), (-33.830920,-4.212259,18.200734), (-0.983046,-0.521121,-0.341871), (-0.221623,-0.110656,-0.194980), (-2.922724,-3.086988,-7.263142), (0.795143,-0.668329,0.348210), (1.892536,7.534187,1.825632), (10.580561,3.391527,-5.464425), (-0.692036,-1.271339,-1.129837), (10.133200,-12.379103,12.201347), (-0.901726,-3.638272,-0.966996), (1.649247,-0.691583,-5.708793), (-0.093592,-0.128971,-2.379942), (0.687041,0.412450,-1.144818), (1.512222,3.377461,0.100686), (1.653921,2.197779,8.929599), (0.916843,0.527520,0.080016), (-0.593045,0.390945,-0.245814), (0.692430,0.169445,2.282610), (-0.062220,0.877513,0.391558), (23.029610,-71.914261,-7.944563), (-2.154592,1.644553,0.996308), (-1.887385,0.051368,1.743138), (-1.190428,-1.586757,-2.980386), (0.057012,0.738603,-0.317633), (-0.376358,2.210524,0.889666), (-10.671433,7.030057,-22.036578), (-0.524759,-0.175615,0.220038), (-0.114183,0.180968,-0.008902), (0.695656,-0.820359,-1.265757), (-1.924213,4.249440,-0.698246), (-0.533037,-1.043086,2.069792), (-0.038479,2.495408,-1.098659), (1.940012,-1.842745,1.518786), (-1.318377,0.250615,-1.256139), (3.889220,-9.329647,-13.654459), (-0.234079,1.013897,-1.203220), (-0.379359,0.902558,1.604930), (-2.981569,-4.596160,8.979813), (0.890325,1.279759,0.904407), (1.333611,-7.304201,1.661384), (2.153443,4.929416,-4.699257), (0.053367,-0.613845,-0.421781), (1.879813,0.627511,-0.559850), (-21.289533,35.173705,18.226382), (0.710901,-1.819767,-0.235299), (-2.382016,-2.048549,2.408731), (0.207071,0.096894,-0.358813), (-10.442456,-0.255206,0.199884), (-11.352487,-8.657136,-1.448266), (2.074115,-0.266501,-2.140515), (2.684535,-3.560485,-0.592829), (-1.810741,1.877655,-1.035909), (-2.050353,0.235268,-0.100770), (-1.328033,-0.752091,0.752595), (-2.257744,0.155480,-2.733230), (-2.696473,-1.443208,-0.541944)
Number of Processes: 1
Total: 4.043370
Processing: 4.008202
Pre-Processing: 0.035166
90, (-0.497821,0.655469,0.487444), (0.274505,1.109796,-0.220988), (-0.179060,0.098278,0.285053), (0.251050,1.253378,-2.326680), (-2.019281,0.095504,3.084650), (1.632856,-0.334920,-2.250617), (-0.077043,-0.933575,2.312396), (-0.371816,-5.625072,-4.252129), (0.876047,-12.802513,-17.524909), (-23.811208,-5.805738,10.245721), (0.916609,3.781427,-0.107275), (-0.888140,-0.038362,-0.452900), (0.064270,-0.590677,5.271439), (-0.284063,-0.252727,-0.034216), (-0.009032,1.966386,-0.669295), (0.263237,0.293457,0.586686), (1.225283,0.621191,-0.884121), (0.117907,-0.571025,-4.073525), (-1.903157,0.300643,-2.879011), (-1.238342,-0.654813,-1.306994), (-0.056459,1.295352,17.224144), (-0.387756,0.260612,-0.116073), (1.631916,2.110959,-1.374205), (-0.238962,0.055316,1.345859), (38.360419,29.530439,-7.832232), (0.978358,0.627951,1.416600), (-1.440661,2.447215,-1.412729), (-4.321239,13.331905,-1.287758), (0.832872,0.418434,0.139617), (2.112834,0.094136,0.546568), (3.327712,1.197628,-3.689976), (-0.384047,3.699828,-4.046538), (-1.990441,-0.316495,-0.059994), (-4.239090,-1.507622,-5.888237), (1.237423,-0.668656,-0.443842), (-0.188599,-1.189254,-0.958135), (-29.402222,34.895958,27.570283), (1.812079,-4.643715,-0.019790), (5.226540,-1.311492,1.873561), (-4.694098,-0.834199,1.789957), (-0.945703,1.877156,0.380900), (-3.769978,-4.015265,-0.109140), (-3.433235,-1.144866,-1.174568), (-2.006930,4.882654,0.321993), (-0.390213,-2.771445,1.679703), (0.297924,-0.149247,0.110393), (-0.899250,-2.139570,-2.414722), (2.042831,-3.893895,3.927514), (5.738836,7.136338,-0.817603), (0.250279,-0.258275,-1.531534), (1.743319,-1.921275,0.985182), (0.859875,-0.540921,0.786639), (6.808778,-4.378282,-5.140170), (8.863317,2.550885,-9.228933), (3.085408,-1.463915,-0.930403), (-1.858792,-1.059402,1.239575), (-0.045258,-0.483867,0.515791), (1.011119,-2.386057,-1.307697), (23.628077,-74.217911,-7.621409), (0.411487,0.167867,-0.456433), (-0.814111,-0.926650,-0.024853), (-4.665104,2.417629,-1.375883), (2.854558,30.558538,-48.639313), (-0.925500,-0.038885,0.473924), (-1.237845,-2.520318,-0.199924), (-1.435992,0.688279,1.346577), (0.020922,0.512214,-0.000907), (-4.420732,2.705805,6.038918), (-0.473460,-1.101910,0.980216), (0.338653,-1.607116,0.124994), (6.068216,1.460241,7.651249), (1.433027,1.640398,0.429108), (-2.860731,2.494008,1.705380), (-0.124765,0.633732,-0.875893), (-1.084543,0.679451,-1.399986), (0.122926,1.267187,0.758875), (5.105744,-16.587458,2.078283), (0.217316,-0.620505,-0.347549), (-10.151627,2.437007,-8.151078), (-0.016414,0.086609,-0.071511), (-3.089688,-4.770677,4.581960), (3.587605,1.113395,-0.674462), (-2.478392,1.090361,-0.139064), (-0.139694,2.487539,1.672828), (-0.191637,-0.058617,-0.578884), (-0.931059,0.891293,-0.247952), (-0.108491,1.040993,2.615331), (1.862164,-0.485682,2.511912), (-0.076622,4.706053,4.280372), (2.740692,2.162291,2.320787)
Number of Processes: 1
Total: 4.783064
Processing: 4.755080
Pre-Processing: 0.027982
90, (-0.681852,-0.176283,0.459085), (-0.491353,0.307415,0.865716), (-0.065206,1.962400,-0.479245), (1.237154,0.694215,0.102230), (-1.689241,-1.561151,-0.194579), (-3.315080,-1.687539,-1.024348), (0.078428,0.068987,-2.399922), (-1.273139,-0.813852,-2.898615), (-1.025828,-2.146902,-1.522673), (0.518176,-0.569403,0.319993), (-2.471549,1.774770,0.794353), (0.734978,3.258676,0.453309), (-2.961960,-0.454310,1.032258), (0.402144,-1.471277,1.570541), (-0.539726,-0.529490,-0.140368), (0.872718,0.014112,0.326701), (-0.941479,0.300057,-1.486974), (-0.933186,1.136538,1.339330), (0.433849,0.459699,0.557565), (0.874057,0.140030,-0.698667), (3.287146,0.533858,1.540774), (0.322670,0.326372,-0.018082), (-0.091584,-0.255552,-0.430138), (1.422091,-3.301344,0.958597), (0.036311,-0.307706,-1.212720), (2.001558,1.865740,0.669753), (0.824073,-0.450977,1.224033), (3.534426,-1.254771,0.037889), (-1.934283,-0.409842,-1.096544), (1.176730,0.664587,-1.743973), (1.063362,0.758145,1.191207), (0.124785,-1.392620,-1.503654), (0.157614,0.214912,-0.524718), (-1.178311,2.898935,1.938913), (-0.780958,-0.657147,-0.936792), (-0.400261,0.027262,-0.053481), (2.941735,1.511951,-0.926379), (-1.425561,1.064865,-0.623115), (-0.314258,-1.239717,-0.382444), (-1.382078,3.026191,-0.647942), (-0.114351,0.234006,0.318234), (2.562426,-0.195539,-2.131773), (-1.875058,0.806835,2.661547), (0.214620,-0.026949,0.194000), (-1.395924,-1.119369,4.424611), (-0.880623,1.695410,0.365418), (0.054606,-2.290077,-0.041511), (0.757053,-3.265967,-1.672905), (0.407521,0.869175,-0.265102), (1.053039,2.405624,-1.813028), (1.147974,-1.376567,-2.899586), (1.890962,-0.085515,0.760568), (-0.400668,0.946740,-0.494192), (1.116296,1.479638,-0.591272), (-1.961051,0.406476,0.341930), (-0.707927,1.610775,-3.402517), (1.879071,-1.359013,0.766080), (-0.623237,1.524159,-1.631797), (0.211119,1.759087,2.292747), (1.141225,-0.717106,-1.352479), (0.449119,-0.139331,-0.201261), (-1.380902,-3.328404,0.342304), (0.094246,-0.449652,-0.042235), (-0.150733,0.413691,-0.113066), (0.623675,-1.416172,0.249959), (-1.342649,-1.787542,2.020111), (-0.000753,0.014105,-0.081557), (1.994211,0.201189,-0.591218), (-1.310787,-0.772288,0.359641), (0.428460,-0.733097,-0.567129), (1.263647,-0.663448,-0.153194), (-0.389514,-0.635216,1.325046), (0.162774,0.673539,-1.141222), (-1.332993,-0.120988,1.351097), (0.094052,0.522176,1.409838), (1.593270,-1.641311,2.652039), (-0.141827,-0.195993,0.214229), (-2.760619,1.023975,-1.478405), (-1.119744,-0.004843,-0.329757), (1.534793,0.572936,2.609640), (-0.861044,0.593421,0.172621), (-4.802427,9.481826,33.867641), (-0.137699,0.919133,0.418345), (1.438887,-1.936250,-0.720263), (-0.658328,-1.613466,0.725224), (-0.477342,0.188523,-0.635917), (-0.127699,-0.125060,2.511923), (-0.168188,-0.802849,0.474547), (0.486601,1.575681,0.594386), (0.136389,-0.152912,0.739124)
Number of Processes: 1
Total: 5.471649
Processing: 5.446470
Pre-Processing: 0.025177
90, (-0.539191,0.114886,-0.427144), (-0.669082,-0.342688,0.173442), (1.011372,0.227405,2.777468), (-1.594333,-0.291360,0.154257), (0.031903,-0.400152,0.207301), (0.718374,-1.566225,-2.455481), (-1.494480,2.632909,-0.691648), (-4.456955,9.763670,36.026604), (0.272484,0.848304,0.892533), (0.709306,-0.350052,-1.673641), (-0.427662,-3.328698,0.016359), (15.701113,2.724443,3.708928), (-2.234973,-0.263039,2.720260), (0.023434,1.604966,-0.490246), (0.068872,-0.006825,0.069006), (0.712425,2.587084,-3.113498), (-0.290316,0.086554,0.219915), (-0.931487,-0.169789,1.056814), (-1.107029,-1.343143,-0.064682), (0.802786,0.542757,0.377796), (-2.217406,2.142710,1.262992), (-0.356572,-0.888020,0.718482), (-0.125491,0.300379,-0.081589), (1.651375,-1.292821,-5.110348), (1.155031,-0.314223,0.531198), (1.327556,-1.547737,0.502609), (0.256917,-0.897032,-0.934550), (-1.355242,-2.045811,-2.864179), (1.468141,0.666770,1.064515), (1.445699,0.592318,-2.039001), (-0.506572,0.831066,1.759592), (-1.323559,-0.014370,-0.820546), (-0.187133,-0.146881,0.675510), (-0.639429,2.277346,2.234046), (0.132416,0.372800,0.295844), (-0.223577,0.872337,0.122922), (-2.222019,-1.139845,-1.178718), (2.631956,-1.556253,2.004339), (-0.873789,0.373600,0.057941), (0.837725,1.769992,1.587047), (1.204879,0.202407,-0.265221), (3.055054,1.159952,1.768873), (2.488919,-0.261964,0.474082), (-0.747914,-2.349470,3.641363), (0.009399,1.613720,4.311114), (2.456175,2.126917,0.174964), (-0.180629,0.230670,-2.890128), (-2.343918,-2.649162,0.430298), (-0.198488,0.668834,-0.604570), (2.569459,-1.900758,-1.225362), (0.338535,-2.090720,1.931446), (0.455505,3.440823,0.227850), (-0.077194,-0.107597,-0.911322), (-0.341664,1.578916,-1.760166), (-0.200419,-0.137032,-0.127569), (-1.084413,1.123215,-0.536976), (-2.173236,0.686591,-2.368257), (-1.443765,0.824375,0.829463), (-1.072157,-1.533140,1.236205), (-0.549372,-0.587225,-0.521778), (0.125685,0.123374,-0.322746), (1.725408,-3.342093,0.612881), (-2.288350,-0.545968,1.095416), (0.692867,-0.729030,-0.116784), (0.390917,-0.051662,0.528314), (0.855468,-1.983358,-0.859929), (0.138369,-0.360254,-0.278796), (1.614746,-0.712327,-0.657232), (0.268989,0.068762,1.347612), (-0.455608,0.526872,0.700665), (-2.366482,0.939506,-0.401142), (-0.652611,0.487135,-1.450025), (0.658237,-0.079758,-0.693457), (1.720084,0.892111,-0.544011), (-0.439461,-0.579530,2.063491), (-0.603510,-1.856015,-1.074599), (1.212495,-0.508007,1.689070), (-0.530241,1.812645,0.574908), (-0.129307,-0.986581,-0.105677), (-7.174485,5.548137,-0.131578), (0.029194,-1.864256,0.307799), (1.155774,2.030909,-1.215129), (0.481771,0.686543,-1.147817), (3.443722,0.074380,-1.328731), (-3.852677,-0.151259,0.224396), (-0.659375,-0.681633,-1.630793), (0.771264,1.559369,0.214098), (0.454998,0.640371,-0.247307), (0.487244,-0.034424,-0.012374), (0.440406,-0.827794,0.841089)
Number of Processes: 1
Total: 6.066290
Processing: 6.034761
Pre-Processing: 0.031527
90, (1.857750,-1.053324,-1.909882), (0.070208,-1.053939,-0.528373), (2.239157,2.150063,2.137254), (-0.869775,-0.673326,-0.956428), (-0.028695,-1.037830,0.612677), (-3.515167,-2.659011,0.174507), (0.284005,-0.729640,1.695245), (3.239319,-0.209991,-0.797627), (-0.517664,0.538751,-1.342943), (0.540857,0.465698,0.618478), (-1.883197,-0.668069,2.763654), (1.157573,-2.638260,-3.337107), (-0.565353,-3.815875,1.649312), (-1.190923,1.337424,-0.385223), (0.025906,0.041536,0.236367), (-3.328122,0.340172,-3.635954), (0.687536,1.020808,-0.201315), (-0.858019,0.161271,-0.548906), (-0.623897,-0.810909,0.052086), (0.157126,-1.195676,-1.789419), (0.790204,-0.322786,0.811078), (-2.385169,1.136275,1.235550), (-0.288425,-0.307420,-0.378968), (2.192307,-3.579226,-0.263986), (0.106675,-0.509043,0.051733), (2.054987,-1.647397,-0.076600), (0.922594,0.171612,-0.183686), (-3.570005,0.143648,-0.156554), (-2.063428,-1.256996,-0.655702), (-2.272565,-0.533330,0.855025), (-1.329458,-0.392079,0.041766), (1.582995,0.735793,0.534538), (-0.042965,0.268345,1.218456), (-1.237184,0.625881,0.292135), (0.021811,-0.277431,0.615896), (0.085802,-0.036680,-0.113550), (-7.484035,0.107007,4.529215), (-1.552766,3.764516,-4.889227), (-0.598434,0.065999,0.047137), (-0.830497,-3.509969,-0.813744), (0.798198,-2.033667,-0.734346), (-1.185081,0.198635,-2.298950), (-0.365813,0.692516,2.411024), (-0.078559,-1.566330,3.004709), (-0.714282,7.002806,19.373431), (1.682240,-0.356561,0.119519), (-1.491686,-1.553787,-2.405948), (2.823611,2.055777,-0.039520), (-0.019637,1.164886,0.384938), (0.154242,3.572791,1.210310), (1.414937,-1.166743,1.251586), (-2.272256,2.159260,-1.147340), (-0.153791,0.190910,-0.079180), (0.775906,-0.914432,0.055480), (-1.125835,0.361139,1.209123), (-0.259839,2.362677,-0.452345), (-2.007114,2.838429,0.555441), (1.130854,0.197380,3.377401), (1.128204,0.250259,-3.466299), (-0.791823,-0.693438,1.369870), (0.213273,0.416178,0.126835), (1.742025,-2.499931,2.030223), (-0.376695,0.658056,-0.095933), (-0.708843,1.586641,0.965074), (-1.211801,2.243073,3.387458), (10.616164,-1.268071,-0.780523), (-0.218454,-0.188803,0.089395), (-1.295636,-1.781827,0.927904), (1.029125,2.089495,0.070290), (1.023998,-0.571055,-0.895685), (0.451997,0.193433,-1.984330), (0.752093,1.434432,-1.333170), (0.468577,-0.107809,0.150572), (-0.000127,-0.327656,-1.113256), (-1.902081,0.349299,-0.831611), (0.194914,-2.123162,0.794949), (3.044247,-0.086585,1.439055), (-0.618486,-1.847426,-0.459813), (-0.280720,0.394162,0.484789), (1.090364,0.354469,1.716789), (0.253498,0.370774,-0.296283), (0.490146,1.485625,1.268721), (0.560703,0.385859,-0.939296), (1.804888,2.408739,-2.008733), (-0.624716,2.041953,-2.034418), (-0.143675,0.212645,-0.594188), (-0.171370,1.099287,-0.683795), (-0.629932,-0.227984,0.600918), (1.709585,0.506360,-0.993267), (0.344218,-0.257159,-0.444546)
Number of Processes: 1
Total: 4.086130
Processing: 4.061458
Pre-Processing: 0.024669
90, (-0.238165,-0.004500,-0.038172), (0.005861,0.236884,-0.215163), (0.584076,-0.021603,1.434005), (-0.236101,-1.591033,1.478286), (1.770587,3.560379,1.475398), (2.107224,-1.932542,-0.583750), (3.360803,0.567596,-2.251562), (-0.885573,1.612130,0.127996), (-0.765897,-0.064993,0.425319), (-4.721511,-0.032080,2.316808), (4.082325,1.441067,2.469951), (0.292644,3.180832,-1.459585), (0.279029,-1.640220,-1.253378), (-0.234788,-0.311332,-0.580629), (-1.785299,-0.030452,10.080254), (0.122748,0.018444,0.075769), (1.384286,-0.707245,-0.287056), (-1.009764,-0.836802,0.604994), (1.315066,0.066668,0.594717), (0.397478,0.003544,0.533572), (0.469152,0.692867,-0.230854), (-0.165193,0.378449,0.886082), (-1.899142,8.169879,0.592946), (-0.483620,-0.490297,-0.030602), (1.321248,0.977838,-0.139902), (-1.218085,0.568503,-0.106140), (-0.925555,-1.929945,-2.863302), (0.615847,-0.349777,-0.649032), (2.318190,-0.457361,1.508061), (0.197493,-0.438120,-1.418412), (-0.666052,2.667556,1.312012), (-0.553747,0.195211,-0.474535), (-0.058892,1.122290,1.767697), (0.630442,-1.678091,0.012944), (-0.483037,0.449554,0.177548), (9.135707,-5.684102,-9.562792), (1.117248,-1.181786,1.041850), (0.649158,-0.496506,0.209030), (1.117582,0.915823,3.031855), (-1.097552,-0.356871,-0.375995), (2.514012,0.205318,-0.237226), (-2.159478,0.720041,-0.872755), (-0.837892,0.972291,-0.979943), (-2.724922,-3.259541,-1.010330), (-3.475100,-0.454514,-0.009018), (0.439066,-3.204484,1.005648), (0.771251,2.204023,0.226965), (0.171761,-0.871055,-0.291662), (0.530633,-0.847187,2.567306), (-0.862626,-0.264910,3.288450), (-0.610130,-2.689776,-0.519271), (0.108513,0.245622,-0.777773), (-1.935891,-1.913424,0.800842), (-0.512369,-1.429437,0.097463), (-1.734969,-2.663823,2.838967), (-2.227967,1.384689,0.836524), (-1.914590,-0.241578,1.838770), (-0.647688,-1.049978,-0.911661), (-0.559341,-0.278961,1.461686), (0.602958,0.737145,0.605329), (1.910180,-2.427356,2.681165), (0.101283,1.651690,-0.737661), (-1.810808,-1.224688,-1.006130), (-2.333297,0.078093,-2.784882), (-1.635016,2.762555,-0.539435), (-0.174346,-0.039642,0.395317), (4.504350,-1.411208,-0.459834), (-0.199932,0.797594,-0.300972), (0.657067,0.110625,-0.133003), (-0.873074,-0.045135,-1.502457), (1.419143,1.553761,-1.649014), (1.189736,0.420408,-0.995667), (2.719647,2.094783,-0.364780), (0.032108,-0.718799,0.715803), (1.536068,-1.593078,-2.858168), (1.542742,1.289110,1.297248), (-0.712571,1.567708,-2.396662), (0.124128,-0.164549,-0.249290), (0.683562,1.404387,-5.066697), (0.002043,-0.372484,0.123300), (-1.427012,1.758005,2.907822), (-0.087314,1.211228,0.488213), (1.281886,-3.873352,-1.596755), (-4.584015,2.110588,-1.317562), (0.194739,-0.068387,-2.691687), (0.257662,0.810692,-1.473356), (0.058907,0.409197,0.203348), (-1.075636,0.609011,1.027588), (-1.905329,-0.263968,0.305742), (1.553288,-0.606149,-1.497338)
Number of Processes: 1
Total: 4.066067
Processing: 4.042762
Pre-Processing: 0.023304
90, (-0.671168,-0.075776,0.747463), (-0.895042,-0.390245,-0.014700), (0.000134,0.060920,0.179034), (1.862784,0.599782,1.166687), (-1.852218,-1.500729,2.117770), (-1.682800,0.629148,3.419793), (11.869628,6.991985,0.758955), (1.049940,-1.337916,-1.022394), (0.356550,0.314251,1.377755), (-3.918045,-2.313059,0.581021), (3.705082,-3.399944,-0.040136), (2.260596,4.017161,-1.200437), (0.980254,1.038915,2.591213), (0.693195,1.017305,0.739258), (3.389907,0.482429,4.855600), (-0.253764,-1.556973,-0.272843), (0.908317,-0.169830,0.620831), (2.345971,0.934072,-0.591115), (0.295331,-0.356417,0.172460), (3.767927,0.282515,-4.274204), (-0.124229,1.237871,-1.682799), (-0.541064,0.714735,1.004328), (-12.482059,3.576384,14.300033), (-1.155350,0.277209,-0.668359), (1.805714,-0.520172,0.066873), (-0.289210,1.445432,0.290357), (-1.855120,-2.348355,-3.343898), (0.289035,-0.396903,-1.861620), (-2.415802,0.694401,-0.265033), (0.783515,0.731326,-1.071225), (-0.179737,-1.486119,-1.426415), (-0.319694,0.060857,-0.493258), (-0.002166,0.491656,0.436491), (-0.512586,0.367456,0.113747), (-1.596225,0.914488,-1.845813), (-3.201135,-0.691205,-11.229934), (-3.736433,-0.036667,-2.374754), (0.252046,-0.417605,-0.776790), (0.740717,-3.313398,2.093191), (-0.101806,1.913262,1.534991), (-0.678872,2.996213,-2.741230), (1.422937,1.435104,-2.405122), (-2.436050,-0.845353,-0.470393), (7.131565,-14.160551,-8.793271), (4.095956,0.467919,0.991459), (-2.450453,-5.478587,-0.479944), (-0.522523,3.332742,-0.085263), (-0.254698,-0.019018,-0.056956), (0.189452,-3.433797,-1.199433), (1.567922,-0.162306,-1.787216), (1.621224,2.332287,0.901715), (-0.013951,0.340329,-0.111943), (-0.319770,0.834633,-0.482369), (0.913476,-0.153777,-0.420562), (2.640905,-1.232481,-1.101669), (-0.485911,0.169574,-3.298004), (-3.033825,2.409523,-0.788572), (-1.480076,-2.083552,-0.553315), (0.729004,2.031428,-0.680286), (0.311934,0.287085,-0.526384), (-7.712820,9.545988,-0.305625), (0.582705,-0.897118,-0.102650), (0.459369,0.184410,0.107090), (0.829906,-2.124581,-3.246052), (1.252372,-2.303269,0.099882), (0.112049,-0.129220,0.735061), (-1.122366,1.640018,-0.567004), (-1.295315,0.495904,0.245210), (0.389241,0.948010,-0.120690), (-2.164230,3.023268,1.678656), (-2.096088,0.139888,1.297028), (-0.177246,-0.542520,-0.264856), (-0.832502,-0.682943,-0.844180), (-0.296182,0.192962,-1.199873), (0.810649,3.549678,3.105682), (-1.373358,-0.661530,-1.887694), (2.413694,-1.369349,1.434895), (1.196943,0.596958,-0.080677), (0.281076,-1.497711,3.352584), (-1.384524,-0.913126,0.588710), (-0.340262,-0.797264,1.396957), (-0.242555,-0.287000,0.253112), (-0.251123,-0.957946,0.439197), (-4.334333,0.473613,1.275573), (0.681479,-1.249189,0.862369), (-0.639507,-2.335639,0.953893), (0.104056,-0.081491,-0.176556), (-1.441608,1.526265,1.019036), (-0.613670,0.134178,2.182205), (1.099957,-0.538253,1.971422)
Number of Processes: 1
Total: 4.038527
Processing: 4.014098
Pre-Processing: 0.024428
90, (-0.787374,-0.721257,-0.232252), (0.035705,0.532249,0.005845), (-0.198313,0.139861,-0.159027), (0.531414,-0.118334,-1.146186), (-1.539537,-1.862007,-0.369825), (0.207582,-0.619986,-2.180016), (-1.691047,-1.085537,-2.685277), (0.536620,0.311042,1.324253), (0.244457,-0.260565,0.221252), (4.228255,1.730297,-2.523672), (12.731468,-11.266594,-9.071270), (0.410698,-6.113208,1.014565), (0.417589,3.373948,2.059970), (1.024846,1.980892,-0.733542), (3.908051,1.007968,2.810240), (-0.086158,-1.976982,0.004019), (-0.866316,0.072690,0.810986), (-0.502061,0.703244,-0.331335), (-1.088074,-1.057344,0.616931), (1.716540,-2.420912,-2.896228), (1.964246,-1.076432,-0.397849), (-0.291126,1.754679,1.408788), (0.725531,0.184624,6.204538), (-0.067885,1.142781,-1.223289), (-0.495742,-2.832492,-1.410798), (0.400726,0.287572,0.457188), (-2.375544,0.787394,-1.484109), (-0.662650,0.786673,-2.545926), (1.553742,0.752725,2.023504), (1.552954,2.144937,1.010650), (0.817531,-1.650488,-1.104880), (0.557920,0.170975,-0.207249), (-2.311081,2.155264,2.681804), (-1.700748,-0.226392,0.149340), (-1.381696,0.807476,-0.456868), (-4.155960,-1.095850,-0.907798), (10.500956,8.084910,8.096461), (-0.333297,0.712821,0.613956), (0.215460,3.022700,-3.075528), (0.093785,0.063729,-0.000553), (-10.106459,2.335974,9.195419), (1.432441,0.301753,-0.660726), (-2.697598,-1.643802,1.101396), (0.611388,-0.108157,-4.413440), (3.887236,-1.485721,0.088160), (-0.726042,-2.715772,1.459315), (1.562093,-1.892230,2.733243), (0.039835,0.325997,-0.664184), (6.332252,-7.432526,5.579862), (0.967285,-1.643332,0.715031), (0.584388,0.937249,-0.368238), (-0.162249,0.117566,0.279655), (2.352199,3.885287,-0.270060), (0.378818,1.197412,0.558539), (-1.708660,-1.718826,3.536239), (-1.247779,7.911614,0.179265), (-2.369263,2.302871,0.084100), (-0.524570,0.451723,1.733103), (-0.415790,-0.402130,0.429763), (-0.014596,-0.770988,-0.609629), (-2.346902,-5.039759,-2.781458), (-0.276192,-1.095685,1.298407), (1.367335,0.855628,0.435553), (-1.420214,0.981335,0.749811), (-5.305648,3.102957,-1.072817), (-0.562250,-1.101022,-1.244556), (1.931432,-0.424154,-1.840965), (0.607490,-0.592745,0.856979), (-0.197963,-0.236352,-0.029174), (-0.716113,0.155635,0.055165), (-1.605032,-0.345790,1.816030), (-0.564542,-0.110278,-0.587507), (0.082424,0.955704,3.130410), (1.114997,-0.106588,0.261598), (0.345053,-0.607667,2.283908), (-0.418388,1.577327,-0.105751), (1.786227,-0.473135,1.135791), (-0.045916,-0.094725,0.865506), (-4.037719,1.218906,-5.870026), (0.139283,-0.195373,-0.353301), (1.108608,0.922270,-1.972123), (0.772464,-0.660525,-0.295979), (-3.142154,0.470567,0.987470), (2.745382,0.757684,-0.093082), (-0.741937,0.254928,-1.356556), (-1.206627,2.213240,-1.391013), (-0.148870,3.030503,0.059541), (0.055953,-0.889983,0.165833), (-1.730581,-0.452267,-0.949146), (1.532959,-3.232983,0.074929)
Number of Processes: 1
Total: 4.066544
Processing: 4.043696
Pre-Processing: 0.022846
90, (0.230386,-0.185400,0.140829), (-0.054550,0.052176,-0.061850), (-0.172947,-0.064069,0.237963), (-0.524223,1.174866,-0.274129), (-5.467375,-1.317413,0.331021), (-0.609243,-0.761642,1.746034), (-1.563317,0.373104,3.264207), (0.359190,2.121953,1.612679), (-0.293606,-0.666039,0.249424), (-0.439511,-8.317386,2.665574), (13.792649,-9.878352,0.658605), (0.278516,0.765061,-0.471809), (0.170421,-1.123867,3.036490), (-0.845317,0.517663,-1.974020), (0.085519,-0.353859,0.830482), (-0.109942,-0.320236,-0.268226), (1.911202,0.274499,0.358774), (0.409635,0.291649,-1.372159), (-0.412464,-1.032632,-0.510261), (2.283098,-3.358673,-0.489719), (0.488966,4.775743,0.815365), (-1.194320,0.647910,1.556434), (-1.083049,-2.355712,5.821069), (0.370722,-0.827270,-0.022191), (-0.914943,-1.503958,0.557279), (-0.523410,0.531573,-0.806720), (3.241040,18.260980,3.741331), (1.051480,2.169355,4.387280), (1.126115,-0.477358,1.538218), (0.997160,0.863140,1.104572), (1.036747,-1.851392,-1.820861), (0.428280,-0.042507,-0.343064), (3.196955,0.837048,-1.018673), (1.209900,-0.019421,-0.681652), (0.469298,1.798721,0.080263), (-3.799401,6.523154,5.119965), (2.610191,1.106280,2.234091), (-0.389908,-0.268079,-0.974474), (-12.635806,0.679815,-9.131719), (-2.776593,-0.118417,-0.570290), (5.335213,2.920644,-0.596989), (-3.287809,0.317927,1.602747), (1.128570,-2.652347,1.926291), (1.119220,4.324087,-4.496097), (0.370113,-1.969787,-0.247696), (3.333074,-0.770753,0.776816), (-2.364498,-1.928901,-0.249404), (0.117734,0.901946,0.423733), (-1.598453,-4.005452,-2.694060), (3.247899,-1.633249,3.909722), (-0.277747,0.306691,0.483720), (0.489719,0.179419,0.631041), (-1.912290,-0.497930,0.861768), (-0.567054,-0.069885,-0.113441), (4.153498,-1.693289,-2.124576), (-3.969944,3.436321,-0.590064), (1.645401,0.206156,-2.068252), (1.306128,2.661225,-1.624833), (0.029111,1.547468,-1.411856), (-1.322604,0.295161,-0.488397), (-1.538522,2.572658,-2.439014), (-1.005074,0.448478,0.332035), (0.526759,-0.756638,-0.890980), (-2.867307,-0.203916,-2.973732), (1.249593,-1.700495,-4.816970), (-0.303441,0.422291,-0.045197), (-0.756844,-3.257089,0.550926), (1.236798,1.101840,-0.711440), (-0.771073,-0.254334,0.712963), (-1.227959,-0.634000,-0.187054), (-1.741289,1.359117,-1.062303), (0.162300,0.300098,0.077234), (0.334028,0.415162,2.329999), (0.804492,0.541237,0.044956), (-1.839276,2.561940,1.842017), (0.217142,-1.371547,0.987542), (1.880928,2.193288,0.438428), (-0.042019,-0.783123,-2.138123), (-0.711260,2.764050,-0.200737), (-0.062841,0.179349,-0.476669), (-0.782136,-2.078608,-1.195951), (-0.698435,1.559615,0.714779), (1.423851,-1.451620,0.566521), (-2.125212,-1.969700,2.122906), (0.951199,-0.382633,0.273255), (-1.928849,1.175152,0.300692), (-0.149191,0.497665,1.223248), (1.853303,-1.038137,-0.671720), (-1.473258,-0.696016,-1.525410), (0.125040,0.853378,-3.382832)
Number of Processes: 1
Total: 4.079267
Processing: 4.056053
Pre-Processing: 0.023212
90, (-0.342814,-0.164119,0.287883), (-0.176746,0.330204,0.672440), (0.003255,0.000483,0.040517), (0.839668,-0.018846,-0.131950), (0.532184,1.031468,-1.853496), (-1.172097,2.041231,-1.752526), (-2.157231,-0.372518,-3.220719), (2.350667,0.283090,1.565865), (-0.028575,0.362821,-0.834234), (-3.479145,2.729062,2.041694), (7.967638,-9.590149,-1.465180), (2.082016,9.504929,0.630398), (-1.331326,-1.633732,0.067804), (-1.018638,-0.505014,0.618467), (-4.105797,-0.525842,1.453743), (-0.151709,-0.960129,0.425967), (-0.899865,0.043372,-0.678394), (-1.237703,0.965825,-0.556659), (1.370486,0.486598,0.414508), (-0.794442,-3.255825,-1.129560), (1.362925,2.952619,-0.938971), (-0.475623,1.123647,0.599914), (-6.318439,2.398215,7.963602), (-0.808931,0.290397,1.251742), (-1.885835,4.341786,-0.751353), (0.762165,-0.412898,-1.055225), (8.753070,-6.188032,-17.253482), (0.184967,0.038987,-3.293340), (-2.361920,0.439538,-1.470559), (-0.262170,3.349750,2.320155), (-0.729016,-0.648653,-0.213027), (0.600328,-0.767837,-0.137855), (-1.127216,-1.141063,-1.425952), (0.100441,0.330717,-0.193784), (-0.056694,-0.433511,-0.088990), (-1.960750,-0.326345,-0.147230), (-6.689703,0.187988,-2.578583), (-0.832132,0.237204,0.179206), (5.688453,-0.470076,4.002942), (1.820892,-0.883101,-0.417282), (0.204951,-2.083967,2.486069), (3.017928,0.423248,-0.229663), (0.352115,0.280761,0.269041), (23.153894,27.112696,17.754120), (-3.170282,-2.025320,-0.830680), (0.136118,-2.953950,-3.599504), (2.372703,-1.818768,1.200274), (0.240003,-0.091830,-0.331829), (0.080489,-2.336766,0.559390), (2.043072,-0.804658,-6.374471), (2.480780,2.816106,1.415674), (-1.724408,0.747859,0.528195), (-3.345204,1.322780,-0.171403), (0.511619,0.387873,1.224059), (0.761081,-4.759311,1.063180), (-1.921310,-0.085198,3.588710), (-1.189098,2.166862,0.092609), (1.631218,1.574049,0.138544), (-0.003626,-1.472300,-0.543054), (0.651769,0.704836,-0.506307), (-3.776967,-7.208253,-2.122532), (1.006323,-0.377323,0.711812), (0.319886,0.967394,0.250241), (-0.244345,0.193217,2.494928), (-0.165360,-4.948387,7.394255), (-0.302224,0.016344,-0.220738), (-2.159047,-2.867011,1.424641), (-0.837869,-1.301347,1.470491), (-0.160474,-0.462579,-0.731128), (2.096863,-0.581783,-2.328553), (1.532071,0.583331,-1.028707), (-0.182474,0.303530,0.132859), (2.362400,1.958981,-2.479938), (-0.019276,1.502048,-0.721938), (0.301392,-1.377770,-1.793213), (0.895689,-1.428948,0.551106), (0.280936,2.225565,0.332782), (0.642950,1.508682,1.469285), (-0.940847,3.368709,-4.336515), (-0.849218,0.552106,-1.693376), (0.991532,-0.679432,1.948081), (0.241785,-0.241818,0.388435), (1.852770,-2.593921,-0.978977), (5.826843,-0.392440,-0.812167), (-0.405096,0.698568,-0.239112), (1.443476,0.754143,3.873952), (-0.075306,-0.160805,-1.626831), (-0.053288,-0.428461,1.152353), (-2.070895,-0.357677,1.507785), (-1.177117,1.556561,1.744338)
