0 0 0.000000
0 1 5.341157
0 2 1129.931034
0 3 0.319430
0 4 16.871155
0 5 1618.172840
0 6 1795.506849
0 7 1795.506849
0 8 1820.444444
0 9 1885.928058
0 10 0.077841
0 11 1533.005848
0 12 1736.052980
0 13 1783.292517
0 14 1771.243243
0 15 1638.400000
0 16 1724.631579
0 17 1506.574713
0 18 1515.283237
0 19 1795.506849
0 20 1872.457143
0 21 2048.000000
0 22 2064.125984
0 23 2001.099237
0 24 2001.099237
0 25 1515.283237
0 26 3.391299
0 27 1680.410256
0 28 621.194313
0 29 1542.023529
1 0 6.633534
1 1 0.000000
1 2 17.028972
1 3 0.321862
1 4 13.553798
1 5 18.098868
1 6 4946.113208
1 7 38.601679
1 8 6241.523810
1 9 1506.574713
1 10 0.078045
1 11 25.642571
1 12 17.590015
1 13 5698.782609
1 14 6898.526316
1 15 17.971070
1 16 1464.491620
1 17 120.970928
1 18 58.319021
1 19 26.167299
1 20 5577.531915
1 21 2818.752688
1 22 5825.422222
1 23 6721.641026
1 24 5242.880000
1 25 2978.909091
1 26 10.374955
1 27 76.315575
1 28 2064.125984
1 29 257.003922
2 0 4.228743
2 1 1638.400000
2 2 0.000000
2 3 0.319815
2 4 14.212198
2 5 15.256009
2 6 23.206799
2 7 47.378276
2 8 48.410711
2 9 1771.243243
2 10 0.078425
2 11 11.209442
2 12 34.679720
2 13 22.495838
2 14 1.265320
2 15 1344.328205
2 16 1783.292517
2 17 1702.233766
2 18 1807.889655
2 19 1971.007519
2 20 1885.928058
2 21 2032.124031
2 22 1208.036866
2 23 2097.152000
2 24 2048.000000
2 25 1941.807407
2 26 2131.252033
2 27 2131.252033
2 28 1859.177305
2 29 939.584229
3 0 0.303265
3 1 3591.013699
3 2 5698.782609
3 3 0.000000
3 4 8.880818
3 5 13.528616
3 6 23.414076
3 7 29.768794
3 8 29.772175
3 9 53.357216
3 10 0.078868
3 11 6.154048
3 12 37.315872
3 13 32.070467
3 14 1.344501
3 15 6.518239
3 16 37.491991
3 17 5461.333333
3 18 5825.422222
3 19 5825.422222
3 20 12.897614
3 21 5349.877551
3 22 7281.777778
3 23 6553.600000
3 24 6393.756098
3 25 5957.818182
3 26 7943.757576
3 27 7281.777778
3 28 6898.526316
3 29 2912.711111
4 0 0.297690
4 1 5242.880000
4 2 112.267238
4 3 3591.013699
4 4 0.000000
4 5 7.424493
4 6 20.087663
4 7 29.894401
4 8 27.716642
4 9 33.292355
4 10 0.079082
4 11 7.618251
4 12 9.793186
4 13 28.565326
4 14 1.467139
4 15 6.445794
4 16 10.388523
4 17 37.816503
4 18 106.476036
4 19 106.131174
4 20 73.843380
4 21 20.722846
4 22 12.979996
4 23 5957.818182
4 24 7281.777778
4 25 7943.757576
4 26 6898.526316
4 27 7489.828571
4 28 6898.526316
4 29 7281.777778
5 0 0.289709
5 1 52.470777
5 2 132.262361
5 3 29.339004
5 4 1048.576000
5 5 0.000000
5 6 9.782223
5 7 26.423143
5 8 25.257154
5 9 27.740106
5 10 0.079309
5 11 7.284813
5 12 10.609252
5 13 13.615748
5 14 1.533033
5 15 6.890186
5 16 10.462742
5 17 16.933273
5 18 27.487050
5 19 78.368909
5 20 62.969974
5 21 35.381833
5 22 16.888545
5 23 21.331597
5 24 37.353092
5 25 35.191838
5 26 1219.274419
5 27 146.041226
5 28 1432.480874
5 29 1016.062016
6 0 0.289644
6 1 12.518218
6 2 67.181958
6 3 31.732720
6 4 37.980875
6 5 2114.064516
6 6 0.000000
6 7 11.346752
6 8 22.099477
6 9 26.856265
6 10 0.079515
6 11 7.096097
6 12 10.759481
6 13 9.492468
6 14 1.603474
6 15 6.839491
6 16 10.784269
6 17 14.459129
6 18 21.015232
6 19 22.751606
6 20 259.548515
6 21 30.281160
6 22 32.335513
6 23 27.227254
6 24 18.475157
6 25 27.426658
6 26 22.832854
6 27 2032.124031
6 28 2032.124031
6 29 307.680751
7 0 0.290437
7 1 12.972288
7 2 25.225558
7 3 35.651299
7 4 30.786142
7 5 29.527371
7 6 1551.147929
7 7 0.000000
7 8 10.820324
7 9 26.711229
7 10 0.079667
7 11 0.597772
7 12 1899.594203
7 13 2148.721311
7 14 2383.127273
7 15 2299.508772
7 16 2340.571429
7 17 2340.571429
7 18 2647.919192
7 19 2404.990826
7 20 2545.087379
7 21 2621.440000
7 22 2570.039216
7 23 2520.615385
7 24 2545.087379
7 25 2674.938776
7 26 2621.440000
7 27 2647.919192
7 28 2647.919192
7 29 1028.015686
8 0 0.290159
8 1 10.862020
8 2 18.371575
8 3 24.563718
8 4 33.279675
8 5 29.534024
8 6 31.398251
8 7 1691.251613
8 8 0.000000
8 9 11.215196
8 10 0.079843
8 11 0.598930
8 12 6.113005
8 13 1820.444444
8 14 16.858135
8 15 5.320884
8 16 1899.594203
8 17 2299.508772
8 18 2148.721311
8 19 2240.547009
8 20 2496.609524
8 21 2383.127273
8 22 2131.252033
8 23 2240.547009
8 24 1481.039548
8 25 2473.056604
8 26 2279.513043
8 27 0.063382
8 28 1846.084507
8 29 1057.032258
9 0 0.288158
9 1 11.716980
9 2 15.064881
9 3 20.841469
9 4 23.751382
9 5 30.058938
9 6 28.552881
9 7 32.862480
9 8 2849.391304
9 9 0.000000
9 10 0.079687
9 11 0.601297
9 12 6.347312
9 13 10.937250
9 14 40.579567
9 15 4.890473
9 16 9.373668
9 17 2148.721311
9 18 3495.253333
9 19 50.132721
9 20 3276.800000
9 21 3692.169014
9 22 286.183406
9 23 3236.345679
9 24 3495.253333
9 25 1985.939394
9 26 3360.820513
9 27 0.063822
9 28 2097.152000
9 29 3236.345679
10 0 0.061682
10 1 3971.878788
10 2 2404.990826
10 3 5242.880000
10 4 4946.113208
10 5 5698.782609
10 6 5698.782609
10 7 5577.531915
10 8 5577.531915
10 9 3013.149425
10 10 0.000000
10 11 0.569425
10 12 6.227142
10 13 11.495023
10 14 17.149287
10 15 6.840026
10 16 5.953624
10 17 13.314913
10 18 17.046690
10 19 5242.880000
10 20 3.976458
10 21 0.335771
10 22 2496.609524
10 23 6241.523810
10 24 6241.523810
10 25 6393.756098
10 26 5698.782609
10 27 0.080969
10 28 5041.230769
10 29 5957.818182
11 0 0.061283
11 1 19.472887
11 2 14.649827
11 3 1560.380952
11 4 1956.298507
11 5 1899.594203
11 6 0.650201
11 7 1807.889655
11 8 1872.457143
11 9 1820.444444
11 10 1771.243243
11 11 0.000000
11 12 5.002366
11 13 8.071930
11 14 24.145160
11 15 7.687507
11 16 6.138341
11 17 10.297521
11 18 15.521582
11 19 31.026630
11 20 1588.751515
11 21 3.899560
11 22 0.331313
11 23 1680.410256
11 24 2032.124031
11 25 1560.380952
11 26 2016.492308
11 27 0.081826
11 28 8.926482
11 29 39.670702
12 0 0.061069
12 1 18.083885
12 2 25.271763
12 3 10.972500
12 4 4854.518519
12 5 6096.372093
12 6 3318.278481
12 7 0.628024
12 8 5041.230769
12 9 6393.756098
12 10 3591.013699
12 11 3692.169014
12 12 0.000000
12 13 5.665161
12 14 17.939095
12 15 9.148920
12 16 6.135899
12 17 9.963664
12 18 11.074479
12 19 24.918631
12 20 44.236247
12 21 5.058449
12 22 0.332302
12 23 10.517312
12 24 5242.880000
12 25 6721.641026
12 26 4032.984615
12 27 0.082422
12 28 5.700394
12 29 108.279223
13 0 0.061137
13 1 8.507302
13 2 147.853356
13 3 11.195080
13 4 25.517765
13 5 40.028096
13 6 1680.410256
13 7 0.668320
13 8 9.776385
13 9 1771.243243
13 10 2016.492308
13 11 20.413020
13 12 1266.396135
13 13 0.000000
13 14 10.848535
13 15 9.534589
13 16 6.291406
13 17 9.025133
13 18 11.178849
13 19 18.868783
13 20 26.594704
13 21 6.073209
13 22 0.332102
13 23 12.860914
13 24 16.672645
13 25 23.098423
13 26 1759.355705
13 27 0.082749
13 28 4.739626
13 29 1783.292517
14 0 0.061144
14 1 1.124512
14 2 1387.005291
14 3 2097.152000
14 4 1783.292517
14 5 1971.007519
14 6 1337.469388
14 7 1.132406
14 8 9.263039
14 9 22.559725
14 10 123.478097
14 11 20.714658
14 12 122.040968
14 13 2184.533333
14 14 0.000000
14 15 7.666150
14 16 6.220640
14 17 8.174374
14 18 12.888736
14 19 12.641366
14 20 23.114717
14 21 7.503335
14 22 0.332235
14 23 11.338899
14 24 14.209117
14 25 16.914699
14 26 27.559294
14 27 0.083556
14 28 3.939823
14 29 13.741364
15 0 0.061015
15 1 19.242751
15 2 1.089267
15 3 3640.888889
15 4 5825.422222
15 5 5825.422222
15 6 2279.513043
15 7 1.368348
15 8 3.485633
15 9 4161.015873
15 10 5461.333333
15 11 5577.531915
15 12 5577.531915
15 13 4032.984615
15 14 2978.909091
15 15 0.000000
15 16 4.527687
15 17 7.054657
15 18 17.629052
15 19 13.103269
15 20 13.583294
15 21 9.410008
15 22 0.331871
15 23 9.044438
15 24 19.561525
15 25 11.629653
15 26 24.690967
15 27 0.083837
15 28 3.904671
15 29 10.636371
17 0 0.061120
17 1 6.618795
17 2 1.154301
17 3 7.445369
17 4 23.019319
17 5 39.073483
17 6 2340.571429
17 7 1.819295
17 8 2.815997
17 9 6.456908
17 10 26.135992
17 11 2080.507937
17 12 42.673612
17 13 113.531399
17 14 1129.931034
17 15 1291.349754
17 16 72.395471
17 17 0.000000
17 18 7.856385
17 19 11.283261
17 20 17.441384
17 21 10.087505
17 22 0.333197
17 23 8.934697
17 24 10.090612
17 25 15.825174
17 26 14.702412
17 27 0.084166
17 28 3.866602
17 29 6.187895
16 0 0.061199
16 1 6.358243
16 2 1.162996
16 3 7.925505
16 4 1506.574713
16 5 1971.007519
16 6 1048.576000
16 7 1.588723
16 8 2.669110
16 9 13.342020
16 10 1783.292517
16 11 1702.233766
16 12 1927.529412
16 13 2064.125984
19 0 0.061082
19 1 5.835927
19 2 1.181627
19 3 7.277129
19 4 12.946661
19 5 23.049679
19 6 22.720055
19 7 2.214802
19 8 2.664471
19 9 7.039880
19 10 8.069694
19 11 24.753919
19 12 27.976948
19 13 48.446498
19 14 135.825907
19 15 2340.571429
19 16 28.534233
19 17 2570.039216
19 18 1524.093023
19 19 0.000000
19 20 8.416889
19 21 0.300694
19 22 2404.990826
19 23 1833.174825
19 24 1524.093023
19 25 20.337005
19 26 12.775671
19 27 0.084475
19 28 3.917918
19 29 6.101054
16 14 1069.975510
16 15 757.641618
16 16 0.000000
16 17 5.552134
16 18 10.869677
16 19 17.302092
16 20 13.124262
16 21 9.634813
16 22 0.331729
16 23 9.458560
16 24 12.458723
16 25 17.036719
16 26 16.178732
16 27 0.083972
16 28 3.846066
18 0 0.061114
18 1 5.967583
18 2 1.171661
18 3 7.490471
18 4 15.382232
18 5 21.008495
18 6 235.106726
18 7 1.992899
18 8 2.774157
18 9 6.250900
18 10 10.407082
18 11 25.819364
18 12 2166.479339
18 13 127.007752
18 14 123.303857
18 15 36.078172
18 16 1497.965714
18 17 1608.245399
18 18 0.000000
18 19 8.970468
18 20 12.434494
18 21 8.548639
18 22 0.337904
18 23 8.790289
18 24 9.294239
18 25 13.398620
18 26 13.528616
18 27 0.084346
20 0 0.061023
20 1 4.487154
20 2 1.199096
20 3 9.143176
20 4 13.649779
20 5 18.719223
20 6 19.684914
20 7 2.328430
20 8 2.818692
20 9 5.322613
20 10 10.218445
20 11 16.402453
20 12 25.954851
20 13 25.303475
20 14 26.251152
16 29 6.092263
18 28 3.868827
18 29 6.044084
20 15 5242.880000
20 16 6721.641026
20 17 22.763460
20 18 6096.372093
20 19 3318.278481
20 20 0.000000
20 21 0.296717
20 22 16.286282
20 23 28.269600
20 24 6898.526316
20 25 227.753258
20 26 19.475780
20 27 0.084659
20 28 3.010762
20 29 11.562966
21 0 0.061027
21 1 4.425716
21 2 1.240537
21 3 4.592089
21 4 39.568906
21 5 22.954816
21 6 21.030405
21 7 2.379212
21 8 2.876941
21 9 5.262034
21 10 2.904610
21 11 1691.251613
21 12 2048.000000
21 13 2097.152000
21 14 2240.547009
21 15 2361.657658
21 16 2427.259259
21 17 24.718906
21 18 0.305410
21 19 1872.457143
21 20 2221.559322
21 21 0.000000
21 22 8.999107
21 23 21.453801
21 24 38.727138
21 25 49.507838
21 26 124.771061
21 27 0.084895
21 28 0.310172
21 29 2064.125984
22 0 0.061020
22 1 4.743743
22 2 1.236966
22 3 4.469176
22 4 10.824793
22 5 61.219991
22 6 29.011067
22 7 2.562653
22 8 2.737453
22 9 5.677062
22 10 0.299277
22 11 1985.939394
22 12 2202.890756
22 13 2114.064516
22 14 2449.943925
22 15 2520.615385
22 16 2427.259259
22 17 2427.259259
22 18 2114.064516
22 19 2.740802
22 20 49.228920
22 21 2279.513043
22 22 0.000000
22 23 9.574637
22 24 15.031193
22 25 257.508841
22 26 81.487100
22 27 0.085219
22 28 0.062504
22 29 2148.721311
23 0 0.061065
23 1 4.365356
23 2 1.256725
23 3 4.719064
23 4 6.684959
23 5 110.190836
23 6 88.712014
23 7 2.732232
23 8 2.804309
23 9 4.991698
23 10 0.301689
23 11 9.136166
23 12 2131.252033
23 13 31.782735
23 14 123.711185
23 15 2080.507937
23 16 85.612018
23 17 1913.459854
23 18 1317.306533
23 19 4.478491
23 20 16.073579
23 21 27.218773
23 22 2259.862069
23 23 0.000000
23 24 10.958739
23 25 24.265852
23 26 42.652782
23 27 0.085567
23 28 0.062407
23 29 22.476550
24 0 0.061054
24 1 4.600470
24 2 1.244861
24 3 4.647861
24 4 6.794288
24 5 16.294381
24 6 65.634452
24 7 3.209442
24 8 2.820663
24 9 5.524986
24 10 0.299702
24 11 9.768007
24 12 12.407421
24 13 77.465721
24 14 65.948176
24 15 31.282100
24 16 60.625347
24 17 2299.508772
24 18 1702.233766
24 19 8.913734
24 20 9.880295
24 21 27.008448
24 22 28.693520
24 23 2240.547009
24 24 0.000000
24 25 11.800846
24 26 23.859470
24 27 0.085832
24 28 0.062270
24 29 24.909160
25 0 0.061034
25 1 4.554669
25 2 1.248227
25 3 4.678636
25 4 6.411740
25 5 14.226081
25 6 22.596673
25 7 3.759253
25 8 2.828851
25 9 5.622271
25 10 0.299071
25 11 10.221234
25 12 11.861183
25 13 16.525500
25 14 30.435853
25 15 2080.507937
25 16 22.478477
29 0 0.060420
29 1 12.340253
29 2 1.334528
29 3 4.895953
29 4 6.636725
29 5 9.112347
29 6 12.757020
29 7 4.881548
29 8 0.062266
29 9 13.381521
29 10 10.179164
29 11 15.922255
26 0 0.060578
26 1 11.991949
26 2 1.283051
26 3 4.822990
26 4 6.470455
26 5 9.803441
26 6 20.166474
26 7 4.173005
26 8 2.847256
26 9 5.792086
26 10 0.299077
26 11 9.327308
26 12 13.695418
26 13 11.138475
26 14 21.376825
26 15 26.575831
26 16 45.526919
26 17 26.335544
26 18 112.701634
26 19 37.534937
26 20 24.149608
26 21 19.175188
26 22 20.993353
26 23 25.354870
26 24 25.525219
26 25 6096.372093
26 26 0.000000
26 27 0.085812
26 28 0.062276
26 29 13.419196
25 17 81.360646
25 18 61.234291
25 19 27.492816
25 20 11.495527
25 21 17.373186
25 22 18.276790
25 23 46.135868
25 24 2299.508772
27 0 0.060299
27 1 12.107149
27 2 1.310864
27 3 4.743657
27 4 6.474290
27 5 10.371261
27 6 11.866015
29 12 18.767468
29 13 11.484951
29 14 24.365090
29 15 16.479789
29 16 2674.938776
29 17 6241.523810
29 18 7281.777778
25 25 0.000000
25 26 11.553793
25 27 0.086003
25 28 0.062263
25 29 15.046723
27 7 4.938752
27 8 0.062382
27 9 1846.084507
27 10 2064.125984
27 11 1927.529412
27 12 2148.721311
27 13 2080.507937
27 14 2184.533333
27 15 1985.939394
27 16 2240.547009
29 19 3449.263158
29 20 6393.756098
29 21 0.348218
27 17 2279.513043
27 18 2240.547009
27 19 2473.056604
27 20 2427.259259
27 21 2473.056604
27 22 2449.943925
27 23 2319.858407
28 0 0.060423
28 1 12.229718
28 2 1.337947
28 3 4.902545
28 4 6.589347
28 5 9.528351
29 22 0.078192
29 23 25.042415
29 24 23.686997
27 24 2647.919192
27 25 2166.479339
27 26 1297.742574
27 27 0.000000
27 28 0.061628
28 6 12.874177
28 7 4.798975
28 8 0.062281
28 9 12.548779
28 10 10.576293
28 11 14.203728
28 12 21.089622
28 13 5349.877551
29 25 109.409015
29 26 6721.641026
27 29 16.289318
28 14 6721.641026
28 15 6553.600000
28 16 6721.641026
29 27 58.605857
29 28 2647.919192
29 29 0.000000
28 17 6721.641026
28 18 6241.523810
28 19 7.358428
28 20 5461.333333
28 21 0.342988
28 22 0.078270
28 23 34.661378
28 24 5698.782609
28 25 2818.752688
28 26 2759.410526
28 27 3360.820513
28 28 0.000000
28 29 8.056549
