0 0 0.000000
0 1 22.421400
0 2 71.008059
0 3 69.682084
0 4 18.924120
0 5 20.114636
0 6 71.210594
0 7 17.454884
0 8 26.027490
0 9 19.742175
0 10 26.248359
0 11 33.399724
0 12 23.222217
0 13 23.779256
0 14 48.066192
0 15 18.933345
0 16 16.653580
0 17 24.510893
0 18 26.445467
0 19 20.474501
0 20 23.599302
0 21 22.160076
0 22 34.640480
0 23 31.947596
0 24 23.313993
0 25 27.584487
0 26 20.621268
0 27 29.434952
0 28 59.946889
0 29 70.317597
1 0 66.525568
1 1 0.000000
1 2 39.871705
1 3 49.649073
1 4 26.869512
1 5 18.693110
1 6 24.537995
1 7 74.104311
1 8 42.285553
1 9 69.942369
1 10 69.321610
1 11 67.555269
1 12 68.888955
1 13 23.888551
1 14 45.390935
1 15 25.478083
1 16 15.293502
1 17 15.871463
1 18 18.618843
1 19 27.159904
1 20 57.419251
1 21 50.368719
1 22 34.450136
1 23 60.308913
1 24 67.557445
1 25 67.485704
1 26 66.504471
1 27 65.381740
1 28 62.082652
1 29 67.703572
2 0 63.157717
2 1 28.333574
2 2 0.000000
2 3 73.816089
2 4 26.057728
2 5 24.956588
2 6 45.523954
2 7 23.713245
2 8 21.094395
2 9 35.048332
2 10 24.588342
2 11 29.992091
2 12 25.778739
2 13 17.582273
2 14 29.767949
2 15 19.790707
2 16 13.426327
2 17 19.053326
2 18 39.425338
2 19 35.119056
2 20 21.384454
2 21 28.971790
2 22 18.370207
2 23 21.197807
2 24 22.947532
2 25 21.829643
2 26 19.419513
2 27 31.421773
2 28 19.892643
2 29 48.383347
3 0 72.254544
3 1 73.049863
3 2 18.649889
3 3 0.000000
3 4 11.569919
3 5 47.663087
3 6 53.355858
3 7 14.718819
3 8 24.483851
3 9 69.122827
3 10 24.895558
3 11 19.236750
3 12 21.681144
3 13 19.056703
3 14 25.850394
3 15 18.979438
3 16 15.447211
3 17 16.772386
3 18 38.118947
3 19 22.590466
3 20 19.492072
3 21 24.652509
3 22 21.819650
3 23 35.942448
3 24 25.638495
3 25 19.557785
3 26 19.944574
3 27 36.784074
3 28 17.617352
3 29 32.812861
4 0 19.832631
4 1 46.229433
4 2 22.771740
4 3 13.554893
4 4 0.000000
4 5 50.846828
4 6 36.926241
4 7 68.208938
4 8 54.014114
4 9 46.552687
4 10 18.069550
4 11 20.123419
4 12 22.093540
4 13 22.532214
4 14 18.900498
4 15 19.197129
4 16 18.398330
4 17 17.108017
4 18 28.394763
4 19 20.598279
4 20 76.125814
4 21 22.113459
4 22 16.970132
4 23 29.866515
4 24 19.318352
4 25 38.294704
4 26 74.155407
4 27 44.022671
4 28 30.074888
4 29 68.835817
5 0 37.949947
5 1 34.872327
5 2 28.197950
5 3 19.578966
5 4 10.613601
5 5 0.000000
5 6 27.516444
5 7 71.746562
5 8 49.155648
5 9 46.916152
5 10 44.915070
5 11 58.429511
5 12 20.332569
5 13 18.504174
5 14 29.218012
5 15 28.086732
5 16 28.903112
5 17 27.489212
5 18 47.072534
5 19 21.796178
5 20 69.185537
5 21 43.682021
5 22 18.541720
5 23 27.883025
5 24 44.946355
5 25 19.850465
5 26 43.301405
5 27 38.864577
5 28 30.394829
5 29 47.696150
6 0 20.060953
6 1 63.218642
6 2 31.570777
6 3 24.979328
6 4 15.011718
6 5 8.830634
6 6 0.000000
6 7 26.754507
6 8 15.028177
6 9 52.168609
6 10 28.238767
6 11 53.149642
6 12 31.910165
6 13 21.639421
6 14 67.918452
6 15 50.530739
6 16 47.965052
6 17 47.512449
6 18 36.793754
6 19 35.944604
6 20 28.844079
6 21 27.483448
6 22 21.831916
6 23 18.071808
6 24 46.708732
6 25 43.911137
6 26 23.536663
6 27 72.481794
6 28 68.975053
6 29 55.136701
7 0 19.756589
7 1 45.480021
7 2 23.792070
7 3 25.851828
7 4 22.914310
7 5 14.320945
7 6 7.482894
7 7 0.000000
7 8 7.195482
7 9 57.123650
7 10 27.356892
7 11 23.621498
7 12 39.067296
7 13 53.468086
7 14 56.491225
7 15 34.226364
7 16 19.779974
7 17 28.777188
7 18 24.515334
7 19 29.436398
7 20 55.681283
7 21 19.549490
7 22 22.087490
7 23 13.852554
7 24 34.918779
7 25 30.504251
7 26 73.099515
7 27 31.495389
7 28 35.945529
7 29 40.490250
8 0 21.161764
8 1 31.491606
8 2 19.566727
8 3 16.429116
8 4 9.991981
8 5 17.255753
8 6 11.207315
8 7 6.593656
8 8 0.000000
8 9 25.441148
8 10 80.447743
8 11 34.389407
8 12 31.772623
8 13 8.186180
8 14 18.904076
8 15 38.521909
8 16 53.849761
8 17 51.604419
8 18 79.536997
8 19 42.344038
8 20 30.850225
8 21 16.124806
8 22 55.988253
8 23 23.388877
8 24 29.147150
8 25 30.213975
8 26 29.646962
8 27 43.000420
8 28 58.751159
8 29 31.374060
9 0 27.146720
9 1 70.087294
9 2 23.482373
9 3 30.852721
9 4 63.269184
9 5 13.914687
9 6 16.372169
9 7 11.387385
9 8 5.855047
9 9 0.000000
9 10 69.111437
9 11 30.304570
9 12 13.400118
9 13 44.597482
9 14 11.156162
9 15 33.429539
9 16 46.572330
9 17 37.305251
9 18 47.961213
9 19 66.955669
9 20 47.356878
9 21 26.406175
9 22 31.185576
9 23 17.271669
9 24 21.913585
9 25 21.537194
9 26 37.699915
9 27 65.066303
9 28 57.155565
9 29 53.316520
10 0 25.243625
10 1 57.679827
10 2 34.456079
10 3 20.825947
10 4 28.408418
10 5 20.737087
10 6 19.524555
10 7 14.065028
10 8 9.214241
10 9 5.287820
10 10 0.000000
10 11 16.971849
10 12 9.588537
10 13 35.256918
10 14 19.287437
10 15 31.342410
10 16 8.732875
10 17 40.376046
10 18 57.231214
10 19 50.096794
10 20 58.263933
10 21 29.504731
10 22 41.966961
10 23 30.343594
10 24 21.470494
10 25 14.200890
10 26 47.377741
10 27 33.569202
10 28 42.288537
10 29 29.429375
11 0 20.402197
11 1 64.665043
11 2 18.508175
11 3 17.802271
11 4 30.843646
11 5 33.439400
11 6 27.261586
11 7 12.092245
11 8 10.507221
11 9 9.199024
11 10 4.770087
11 11 0.000000
11 12 9.645338
11 13 22.364254
11 14 64.768893
11 15 17.778124
11 16 20.759976
11 17 8.761808
11 18 49.545266
11 19 51.135706
11 20 36.556766
11 21 35.637667
11 22 31.245746
11 23 28.886988
11 24 12.097965
11 25 22.984125
11 26 52.628129
11 27 69.121688
11 28 34.624467
11 29 30.484297
12 0 26.371641
12 1 64.248028
12 2 19.740502
12 3 21.973973
12 4 19.885663
12 5 43.576732
12 6 14.592081
12 7 15.483821
12 8 7.322254
12 9 11.900085
12 10 7.743269
12 11 4.374001
12 12 0.000000
12 13 20.802809
12 14 25.350426
12 15 30.421063
12 16 6.453212
12 17 22.868833
12 18 21.297153
12 19 11.464264
12 20 4.076767
12 21 43.521116
12 22 53.339573
12 23 34.495468
12 24 42.449892
12 25 14.585738
12 26 21.447987
12 27 69.856167
12 28 54.550118
12 29 23.221960
13 0 27.563821
13 1 59.907503
13 2 22.820431
13 3 27.517527
13 4 19.176240
13 5 29.916790
13 6 71.571490
13 7 15.844363
13 8 8.238907
13 9 10.798317
13 10 9.746625
13 11 7.528993
13 12 3.987087
13 13 0.000000
13 14 28.458147
13 15 63.344670
13 16 36.562183
13 17 8.093846
13 18 20.690645
13 19 58.798105
13 20 3.270165
13 21 42.971344
13 22 54.808875
13 23 22.617631
13 24 52.086332
13 25 30.290344
13 26 40.437550
13 27 28.820493
13 28 23.181403
13 29 21.464891
14 0 75.423557
14 1 72.528169
14 2 26.407339
14 3 20.340457
14 4 25.969797
14 5 26.953083
14 6 70.805476
14 7 14.608039
14 8 12.428378
14 9 26.723142
14 10 13.745732
14 11 7.896587
14 12 6.648539
14 13 3.727727
14 14 0.000000
14 15 19.526191
14 16 8.695417
14 17 21.774114
14 18 49.810037
14 19 35.396165
14 20 4.908455
14 21 20.000496
14 22 2.872681
14 23 22.542871
14 24 30.555362
14 25 43.537831
14 26 43.492684
14 27 52.016569
14 28 51.967588
14 29 21.107877
15 0 27.336922
15 1 61.946949
15 2 21.993907
15 3 18.053528
15 4 22.783986
15 5 28.434995
15 6 49.957764
15 7 21.602419
15 8 16.734510
15 9 16.512618
15 10 9.528156
15 11 9.288476
15 12 8.560416
15 13 6.554409
15 14 3.421084
15 15 0.000000
15 16 7.967978
15 17 42.361572
15 18 55.562526
15 19 28.541612
15 20 4.355415
15 21 55.781253
15 22 38.504581
15 23 8.490752
15 24 40.849101
15 25 49.607967
15 26 45.833878
15 27 43.273706
15 28 54.701654
15 29 42.371415
16 0 53.437432
16 1 29.928317
16 2 46.955544
16 3 21.148853
16 4 37.662677
16 5 18.535493
16 6 55.569888
16 7 22.184455
16 8 15.210807
16 9 16.115389
16 10 15.041003
16 11 17.919934
16 12 6.110414
16 13 7.977708
16 14 5.632600
16 15 3.222117
16 16 0.000000
16 17 60.680604
16 18 28.509020
16 19 51.046710
16 20 15.327930
16 21 4.069244
16 22 49.858590
16 23 72.412969
16 24 18.171005
16 25 6.987898
16 26 18.735696
16 27 50.002432
16 28 23.197173
16 29 23.340980
17 0 38.854856
17 1 4.099884
17 2 54.391659
17 3 32.407467
17 4 41.435046
17 5 36.634996
17 6 53.045453
17 7 18.489002
17 8 44.889593
17 9 29.090546
17 10 13.043775
17 11 18.407777
17 12 11.797992
17 13 8.500991
17 14 6.906262
17 15 5.469388
17 16 3.046804
17 17 0.000000
17 18 49.515436
17 19 26.018287
17 20 46.815086
17 21 19.026878
17 22 46.024492
17 23 70.855714
17 24 31.823730
17 25 15.511537
17 26 6.778816
17 27 32.300152
17 28 4.324689
17 29 52.412421
18 0 63.410749
18 1 48.665158
18 2 50.350580
18 3 26.265125
18 4 34.762210
18 5 16.397515
18 6 37.080654
18 7 32.022966
18 8 59.398468
18 9 19.145953
18 10 21.657746
18 11 15.076632
18 12 11.233369
18 13 6.337357
18 14 10.544837
18 15 6.804384
18 16 4.820258
18 17 2.879264
18 18 0.000000
18 19 30.069066
18 20 55.045527
18 21 35.126409
18 22 24.869135
18 23 46.428497
18 24 55.659116
18 25 55.407654
18 26 19.518195
18 27 22.652689
18 28 4.666799
18 29 52.101214
19 0 3.060767
19 1 46.874730
19 2 33.094811
19 3 37.623825
19 4 23.674296
19 5 20.809002
19 6 31.167500
19 7 60.911486
19 8 47.643596
19 9 68.633067
19 10 25.284255
19 11 11.745395
19 12 15.736174
19 13 11.268589
19 14 17.671090
19 15 7.175528
19 16 6.888658
19 17 4.538573
19 18 2.717881
19 19 0.000000
19 20 50.620387
19 21 48.914307
19 22 71.857187
19 23 63.387750
19 24 49.726182
19 25 48.452094
19 26 33.565979
19 27 16.845203
19 28 19.578783
19 29 6.012106
20 0 18.180220
20 1 69.625405
20 2 51.666080
20 3 28.771661
20 4 57.599033
20 5 45.254785
20 6 41.107731
20 7 59.886119
20 8 40.487123
20 9 42.527797
20 10 33.538334
20 11 13.421300
20 12 12.082700
20 13 23.991031
20 14 9.876829
20 15 7.389112
20 16 5.283550
20 17 5.980227
20 18 4.360573
20 19 2.539099
20 20 0.000000
20 21 32.679663
20 22 34.908607
20 23 19.012388
20 24 48.530581
20 25 26.111586
20 26 43.439982
20 27 28.554242
20 28 18.674800
20 29 20.060570
21 0 22.279434
21 1 56.305429
21 2 21.657858
21 3 44.450021
21 4 34.016788
21 5 45.808849
21 6 34.167534
21 7 53.777265
21 8 31.431428
21 9 42.340618
21 10 54.419182
21 11 43.353772
21 12 44.699192
21 13 19.164587
21 14 11.130937
21 15 12.479334
21 16 8.034111
21 17 7.118944
21 18 5.954283
21 19 4.233797
21 20 2.414363
21 21 0.000000
21 22 60.242215
21 23 30.380739
21 24 44.335846
21 25 59.333767
21 26 20.441273
21 27 54.494835
21 28 28.888978
21 29 18.712041
22 0 20.784357
22 1 29.908470
22 2 23.873186
22 3 41.881892
22 4 66.254447
22 5 50.127329
22 6 49.293140
22 7 46.327984
22 8 46.264618
22 9 49.429073
22 10 35.637667
22 11 48.257539
22 12 32.627549
22 13 56.832617
22 14 46.424900
22 15 12.793441
22 16 10.244127
22 17 9.432609
22 18 7.916649
22 19 6.120284
22 20 4.057690
22 21 2.313424
22 22 0.000000
22 23 42.708374
22 24 44.405785
22 25 49.034394
22 26 51.170642
22 27 47.898227
22 28 45.689088
22 29 54.918675
23 0 63.406915
23 1 57.599033
23 2 20.272523
23 3 27.734603
23 4 30.544014
23 5 2.394442
23 6 32.340998
23 7 56.438775
23 8 44.178471
23 9 50.897424
23 10 48.475614
23 11 31.634592
23 12 51.315887
23 13 52.724055
23 14 46.403841
23 15 52.679687
23 16 52.720078
23 17 14.293420
23 18 5.706443
23 19 5.468561
23 20 5.183106
23 21 3.927942
23 22 2.211291
23 23 0.000000
23 24 47.413624
23 25 56.917453
23 26 23.146607
23 27 29.572131
23 28 49.208705
23 29 30.263244
24 0 25.151287
24 1 62.751406
24 2 32.728113
24 3 21.321513
24 4 22.009256
24 5 40.900088
24 6 49.299513
24 7 44.440602
24 8 43.838164
24 9 43.692032
24 10 36.630836
24 11 60.613957
24 12 42.293654
24 13 59.448982
24 14 40.931620
24 15 46.084669
24 16 45.054504
24 17 41.293493
24 18 44.620255
24 19 9.492576
24 20 4.747497
24 21 5.326209
24 22 3.726101
24 23 2.111397
24 24 0.000000
24 25 20.357537
24 26 39.054564
24 27 33.478636
24 28 14.475446
24 29 33.959501
25 0 52.466182
25 1 65.155249
25 2 29.636279
25 3 20.505131
25 4 35.588983
25 5 21.033358
25 6 40.129968
25 7 72.456752
25 8 23.281641
25 9 38.711769
25 10 51.737458
25 11 51.111404
25 12 45.354614
25 13 51.729801
25 14 47.797791
25 15 48.263092
25 16 53.071630
25 17 51.056652
25 18 46.944508
25 19 50.998298
25 20 49.391239
25 21 5.202760
25 22 5.179988
25 23 3.641799
25 24 2.028739
25 25 0.000000
25 26 48.223694
25 27 20.341838
25 28 27.761037
25 29 16.068468
26 0 28.134963
26 1 52.575354
26 2 17.654058
26 3 45.398796
26 4 50.787107
26 5 47.841953
26 6 33.969952
26 7 71.682800
26 8 33.721692
26 9 45.808348
26 10 52.243336
26 11 56.125356
26 12 42.347458
26 13 56.809524
26 14 51.668625
26 15 47.574964
26 16 53.841465
26 17 30.071438
26 18 43.992658
26 19 55.218726
26 20 39.095336
26 21 57.909980
26 22 53.558893
26 23 4.394638
26 24 3.456355
26 25 1.944039
26 26 0.000000
26 27 33.839223
26 28 41.466179
26 29 24.094810
27 0 63.083624
27 1 71.942231
27 2 46.447006
27 3 28.011701
27 4 48.800484
27 5 29.399258
27 6 54.868386
27 7 21.736087
27 8 46.588883
27 9 64.250980
27 10 46.739962
27 11 3.029279
27 12 43.204170
27 13 51.818636
27 14 50.716485
27 15 50.426248
27 16 31.687649
27 17 37.144360
27 18 48.100920
27 19 48.880674
27 20 48.018867
27 21 47.511373
27 22 57.054493
27 23 51.687090
27 24 47.105840
27 25 3.397070
27 26 1.875050
27 27 0.000000
27 28 47.972733
27 29 51.248170
28 0 63.417460
28 1 68.114783
28 2 19.401188
28 3 26.695928
28 4 27.598100
28 5 68.555663
28 6 56.148648
28 7 35.930440
28 8 61.254860
28 9 68.472843
28 10 36.317465
28 11 26.805803
28 12 69.454768
28 13 59.829739
28 14 55.114241
28 15 44.575680
28 16 48.839124
28 17 40.269055
28 18 51.332844
28 19 49.274030
28 20 52.453716
28 21 48.213716
28 22 49.099257
28 23 46.811429
28 24 47.428100
28 25 38.938904
28 26 45.048213
28 27 1.751293
28 28 0.000000
28 29 21.106708
29 0 39.419409
29 1 67.181958
29 2 42.061654
29 3 23.394096
29 4 48.042518
29 5 45.560547
29 6 44.963701
29 7 33.391482
29 8 40.706775
29 9 43.025122
29 10 31.434490
29 11 63.341800
29 12 46.834951
29 13 67.717782
29 14 45.403219
29 15 43.627044
29 16 31.977067
29 17 50.019128
29 18 47.967795
29 19 51.498606
29 20 47.174185
29 21 52.911619
29 22 51.575230
29 23 42.544189
29 24 58.107340
29 25 47.392195
29 26 51.484699
29 27 46.418221
29 28 49.592717
29 29 0.000000
