0 0 0.000000
0 1 7.449389
0 2 75.633006
0 3 41.452245
0 4 72.898776
0 5 36.177753
0 6 34.402100
0 7 37.696865
0 8 73.020613
0 9 39.021137
0 10 36.247788
0 11 35.121115
0 12 30.560037
0 13 35.979138
0 14 74.855511
0 15 59.551113
0 16 68.660031
0 17 50.161500
0 18 37.246945
0 19 28.157250
0 20 74.941109
0 21 75.285468
0 22 75.939745
0 23 37.751152
0 24 74.051977
0 25 35.074124
0 26 75.589389
0 27 35.008547
0 28 75.285468
0 29 75.895773
1 0 30.397032
1 1 0.000000
1 2 73.635955
1 3 74.684900
1 4 38.641509
1 5 217.006623
1 6 35.880646
1 7 33.216422
1 8 39.598792
1 9 111.266553
1 10 34.547180
1 11 64.125245
1 12 70.167024
1 13 35.045989
1 14 36.277885
1 15 67.319979
1 16 37.686026
1 17 108.863787
1 18 24.772633
1 19 34.583641
1 20 38.146682
1 21 73.347510
1 22 72.375483
1 23 74.472727
1 24 60.935379
1 25 79.054282
1 26 39.839514
1 27 195.629851
1 28 39.574879
1 29 85.222367
2 0 77.146557
2 1 25.440994
2 2 0.000000
2 3 8.791468
2 4 47.662545
2 5 24.909160
2 6 68.231130
2 7 30.789758
2 8 45.749389
2 9 32.180702
2 10 70.355341
2 11 33.040585
2 12 41.230576
2 13 34.748674
2 14 31.030303
2 15 31.282100
2 16 72.295643
2 17 31.782735
2 18 118.402891
2 19 30.256694
2 20 24.371885
2 21 29.036774
2 22 69.534218
2 23 73.061315
2 24 82.799747
2 25 44.903049
2 26 78.580336
2 27 33.275451
2 28 73.718785
2 29 30.432319
3 0 43.430086
3 1 44.043011
3 2 18.957478
3 3 0.000000
3 4 7.416511
3 5 110.609283
3 6 61.943289
3 7 58.150843
3 8 29.263675
3 9 28.121004
3 10 32.070467
3 11 69.608072
3 12 27.935209
3 13 31.984383
3 14 32.580661
3 15 28.587132
3 16 30.298659
3 17 73.553311
3 18 35.646451
3 19 118.082883
3 20 24.049908
3 21 32.556384
3 22 76.116144
3 23 67.354573
3 24 76.830012
3 25 76.293364
3 26 30.333719
3 27 71.938529
3 28 32.974088
3 29 74.261756
4 0 44.206408
4 1 97.018505
4 2 38.974725
4 3 19.931873
4 4 0.000000
4 5 30.645780
4 6 63.015385
4 7 125.427751
4 8 60.992089
4 9 39.574879
4 10 40.998436
4 11 40.896100
4 12 119.809872
4 13 32.054781
4 14 25.898439
4 15 41.916214
4 16 23.039550
4 17 37.438446
4 18 106.823146
4 19 36.632756
4 20 127.501946
4 21 38.755766
4 22 30.404083
4 23 65.339980
4 24 127.875122
4 25 156.784689
4 26 176.172043
4 27 40.604709
4 28 131.334669
4 29 39.254867
5 0 58.645190
5 1 63.319807
5 2 60.207625
5 3 41.478481
5 4 16.031311
5 5 0.000000
5 6 30.581428
5 7 207.392405
5 8 24.721237
5 9 110.890017
5 10 61.622943
5 11 40.845123
5 12 43.632490
5 13 127.254369
5 14 43.073283
5 15 28.315403
5 16 40.592134
5 17 31.170511
5 18 39.598792
5 19 139.884739
5 20 50.354207
5 21 133.883555
5 22 34.115565
5 23 44.734471
5 24 160.627451
5 25 70.317597
5 26 163.635456
5 27 168.689833
5 28 128.125122
5 29 142.469565
6 0 69.350265
6 1 74.941109
6 2 137.392034
6 3 19.221587
6 4 23.169878
6 5 14.727191
6 6 0.000000
6 7 29.004647
6 8 25.013740
6 9 32.212337
6 10 14.988222
6 11 110.329966
6 12 103.206299
6 13 33.737967
6 14 233.639929
6 15 35.472801
6 16 34.357012
6 17 36.602066
6 18 28.193590
6 19 30.305665
6 20 70.317597
6 21 28.072821
6 22 72.215978
6 23 31.859990
6 24 70.091979
6 25 89.898491
6 26 72.096810
6 27 78.627475
6 28 73.843380
6 29 76.605494
7 0 162.822360
7 1 127.130941
7 2 131.466399
7 3 71.196089
7 4 22.272218
7 5 17.845065
7 6 11.315894
7 7 0.000000
7 8 8.555055
7 9 60.152363
7 10 34.822529
7 11 11.300285
7 12 38.893769
7 13 120.359963
7 14 41.049796
7 15 142.779956
7 16 45.322268
7 17 53.762100
7 18 45.103923
7 19 44.087454
7 20 71.899067
7 21 117.764600
7 22 47.165167
7 23 76.426822
7 24 51.522013
7 25 185.917730
7 26 233.639929
7 27 54.409298
7 28 150.139748
7 29 142.624592
8 0 64.535697
8 1 170.002594
8 2 67.632611
8 3 141.393743
8 4 19.698227
8 5 26.335544
8 6 15.244475
8 7 11.956942
8 8 0.000000
8 9 6.591170
8 10 88.263973
8 11 36.612291
8 12 91.339373
8 13 5.511859
8 14 26.240641
8 15 51.160031
8 16 53.346357
8 17 39.349144
8 18 35.074124
8 19 36.663497
8 20 29.741774
8 21 35.482404
8 22 77.926278
8 23 58.202487
8 24 75.242250
8 25 40.504326
8 26 76.426822
8 27 118.402891
8 28 73.968397
8 29 72.817778
9 0 72.176211
9 1 71.584926
9 2 67.772492
9 3 67.044501
9 4 61.680941
9 5 24.843063
9 6 13.721943
9 7 14.561938
9 8 9.847633
9 9 0.000000
9 10 72.255788
9 11 140.937634
9 12 7.923588
9 13 85.333333
9 14 17.310090
9 15 21.161124
9 16 52.261563
9 17 103.778306
9 18 56.618575
9 19 27.058629
9 20 34.538076
9 21 34.785563
9 22 36.900901
9 23 75.155963
9 24 37.459846
9 25 109.867561
9 26 203.212403
9 27 72.777346
9 28 74.010164
9 29 75.676674
10 0 72.979955
10 1 75.155963
10 2 66.131181
10 3 76.920188
10 4 71.545852
10 5 18.316378
10 6 63.045695
10 7 20.177340
10 8 13.588223
10 9 10.919937
10 10 0.000000
10 11 5.908669
10 12 11.013528
10 13 106.997551
10 14 74.812785
10 15 48.852777
10 16 5.402135
10 17 114.473362
10 18 53.608180
10 19 56.399312
10 20 21.827144
10 21 32.109750
10 22 29.714804
10 23 34.887410
10 24 77.557396
10 25 36.419005
10 26 145.312639
10 27 72.736959
10 28 74.303855
10 29 141.241379
11 0 65.766182
11 1 244.537313
11 2 63.197686
11 3 66.097832
11 4 65.964771
11 5 74.855511
11 6 17.681371
11 7 37.827417
11 8 18.837597
11 9 11.591086
11 10 9.381048
11 11 0.000000
11 12 12.091513
11 13 18.949255
11 14 107.612479
11 15 74.557452
11 16 39.515225
11 17 5.533733
11 18 34.124447
11 19 78.345487
11 20 28.199656
11 21 27.176446
11 22 24.970852
11 23 51.704931
11 24 26.722120
11 25 76.650292
11 26 48.366052
11 27 194.180741
11 28 71.234783
11 29 84.074407
12 0 150.484501
12 1 69.240359
12 2 152.942824
12 3 73.512058
12 4 74.472727
12 5 67.948160
12 6 23.023362
12 7 20.984950
12 8 17.253126
12 9 12.379297
12 10 11.859573
12 11 10.117484
12 12 0.000000
12 13 30.159227
12 14 120.249541
12 15 34.574519
12 16 5.069699
12 17 38.870700
12 18 36.368479
12 19 7.495825
12 20 101.370456
12 21 19.420951
12 22 26.314395
12 23 19.329302
12 24 21.322922
12 25 27.536134
12 26 41.956466
12 27 58.254222
12 28 129.902874
12 29 73.142857
13 0 53.216403
13 1 157.538462
13 2 76.920188
13 3 91.787115
13 4 186.446657
13 5 123.419962
13 6 86.975448
13 7 21.045601
13 8 19.275294
13 9 21.191916
13 10 19.261132
13 11 12.646854
13 12 9.071982
13 13 0.000000
13 14 17.584116
13 15 43.372601
13 16 34.465422
13 17 6.768500
13 18 50.842514
13 19 41.204653
13 20 7.967418
13 21 19.925813
13 22 25.761006
13 23 17.588835
13 24 22.866713
13 25 31.045002
13 26 27.822543
13 27 135.544984
13 28 34.776333
13 29 65.274900
14 0 75.415420
14 1 73.553311
14 2 69.423729
14 3 68.053998
14 4 60.124771
14 5 69.276956
14 6 77.374262
14 7 21.629043
14 8 19.832350
14 9 20.881313
14 10 37.057393
14 11 20.099985
14 12 11.612652
14 13 9.674638
14 14 0.000000
14 15 15.267560
14 16 10.250411
14 17 39.997559
14 18 7.113813
14 19 34.195669
14 20 32.540218
14 21 34.492632
14 22 6.389081
14 23 17.178506
14 24 25.465708
14 25 19.871437
14 26 22.493908
14 27 24.263606
14 28 112.508155
14 29 28.407456
15 0 120.359963
15 1 128.754420
15 2 54.658882
15 3 107.260229
15 4 98.922264
15 5 165.704172
15 6 83.009500
15 7 115.481938
15 8 21.420494
15 9 23.835606
15 10 14.677716
15 11 23.104530
15 12 10.332834
15 13 9.839502
15 14 8.116416
15 15 0.000000
15 16 12.599442
15 17 18.401235
15 18 10.886379
15 19 112.993103
15 20 41.504750
15 21 44.734471
15 22 37.675194
15 23 4.716856
15 24 27.699070
15 25 17.695693
15 26 15.750060
15 27 23.975123
15 28 24.223249
15 29 80.858729
16 0 53.872585
16 1 57.261686
16 2 37.481270
16 3 65.601602
16 4 61.162856
16 5 65.307424
16 6 62.534351
16 7 147.437570
16 8 29.036774
16 9 30.567164
16 10 15.852927
16 11 13.246286
16 12 14.468705
16 13 13.623532
16 14 10.356511
16 15 8.360250
16 16 0.000000
16 17 25.485514
16 18 95.394469
16 19 8.371998
16 20 86.402109
16 21 26.624416
16 22 49.780479
16 23 36.378573
16 24 26.198681
16 25 3.375882
16 26 16.084428
16 27 23.363993
16 28 17.750813
16 29 29.708069
17 0 45.765363
17 1 27.617362
17 2 26.986205
17 3 35.724176
17 4 53.762100
17 5 70.317597
17 6 65.536000
17 7 71.938529
17 8 200.109924
17 9 41.217610
17 10 25.298591
17 11 39.815310
17 12 14.692523
17 13 14.346760
17 14 14.662938
17 15 10.270491
17 16 7.638228
17 17 0.000000
17 18 36.551032
17 19 37.893033
17 20 55.258010
17 21 84.399227
17 22 15.613103
17 23 58.150843
17 24 27.751853
17 25 58.750336
17 26 3.362114
17 27 16.886369
17 28 12.300300
17 29 29.959314
18 0 73.020613
18 1 60.878774
18 2 55.118587
18 3 55.491956
18 4 54.636098
18 5 37.025989
18 6 40.998436
18 7 68.696017
18 8 200.109924
18 9 30.688832
18 10 40.947204
18 11 20.814991
18 12 17.940323
18 13 13.000595
18 14 16.616633
18 15 10.617416
18 16 10.372903
18 17 8.274225
18 18 0.000000
18 19 20.726123
18 20 103.044025
18 21 36.227750
18 22 73.843380
18 23 59.308597
18 24 27.455383
18 25 33.157602
18 26 30.884072
18 27 23.124912
18 28 3.761681
18 29 13.294655
19 0 8.213046
19 1 21.697070
19 2 100.207951
19 3 61.248598
19 4 31.424598
19 5 37.459846
19 6 58.202487
19 7 35.900301
19 8 62.594078
19 9 67.632611
19 10 19.968312
19 11 31.484987
19 12 18.775534
19 13 16.332960
19 14 16.991444
19 15 18.665907
19 16 13.328452
19 17 9.565903
19 18 7.452354
19 19 0.000000
19 20 39.912302
19 21 59.281773
19 22 45.542738
19 23 79.630620
19 24 32.998993
19 25 30.524453
19 26 21.686300
19 27 30.574294
19 28 21.794480
19 29 4.981832
20 0 28.469157
20 1 92.239268
20 2 55.374736
20 3 40.280270
20 4 63.596312
20 5 40.998436
20 6 60.737720
20 7 61.972577
20 8 62.864269
20 9 63.689018
20 10 41.360682
20 11 14.772005
20 12 45.353633
20 13 20.824913
20 14 17.544104
20 15 13.119007
20 16 14.185281
20 17 13.202256
20 18 10.144106
20 19 7.648480
20 20 0.000000
20 21 19.940971
20 22 114.975439
20 23 30.510242
20 24 42.404400
20 25 25.934309
20 26 23.740627
20 27 22.787204
20 28 41.439140
20 29 20.948058
21 0 33.737967
21 1 40.466811
21 2 19.829349
21 3 39.973163
21 4 29.979872
21 5 51.992067
21 6 41.557387
21 7 58.882300
21 8 62.773946
21 9 65.470529
21 10 61.943289
21 11 41.412954
21 12 63.106403
21 13 68.480669
21 14 18.009343
21 15 19.971355
21 16 14.270223
21 17 14.212969
21 18 10.527026
21 19 10.871029
21 20 6.911987
21 21 0.000000
21 22 61.248598
21 23 150.657471
21 24 40.857855
21 25 43.229551
21 26 34.133333
21 27 23.983898
21 28 21.164541
21 29 28.060801
22 0 77.833729
22 1 26.266934
22 2 34.366020
22 3 31.960985
22 4 49.667298
22 5 40.730889
22 6 59.308597
22 7 41.862664
22 8 61.709981
22 9 62.985103
22 10 40.896100
22 11 61.768143
22 12 62.924628
22 13 60.262989
22 14 42.050690
22 15 18.968452
22 16 12.210919
22 17 12.931334
22 18 15.786101
22 19 13.047183
22 20 9.569395
22 21 6.937963
22 22 0.000000
22 23 8.830560
22 24 60.346225
22 25 42.500649
22 26 60.653401
22 27 28.562214
22 28 24.665412
22 29 27.397993
23 0 108.863787
23 1 76.248982
23 2 47.165167
23 3 29.270210
23 4 0.155426
23 5 1.979940
23 6 43.415701
23 7 54.364164
23 8 26.495250
23 9 54.139612
23 10 55.445008
23 11 54.818904
23 12 55.188211
23 13 102.963079
23 14 37.653548
23 15 27.588297
23 16 54.613333
23 17 30.083085
23 18 11.426380
23 19 16.388097
23 20 9.601641
23 21 8.710260
23 22 6.147842
23 23 0.000000
23 24 35.851204
23 25 55.515460
23 26 37.772911
23 27 55.586090
23 28 31.538017
23 29 18.169116
24 0 36.068244
24 1 83.062104
24 2 60.124771
24 3 28.217869
24 4 39.079308
24 5 38.035984
24 6 43.632490
24 7 59.335446
24 8 41.902813
24 9 63.197686
24 10 60.737720
24 11 61.855592
24 12 42.376980
24 13 61.105828
24 14 62.266983
24 15 61.248598
24 16 42.722295
24 17 60.541339
24 18 63.750973
24 19 15.864440
24 20 11.878920
24 21 9.212258
24 22 8.665917
24 23 6.384102
24 24 0.000000
24 25 8.520575
24 26 94.500360
24 27 45.749389
24 28 47.524293
24 29 33.343170
25 0 73.020613
25 1 36.338231
25 2 38.168899
25 3 154.021152
25 4 34.411132
25 5 34.757889
25 6 0.155628
25 7 55.049139
25 8 18.026681
25 9 53.151663
25 10 36.338231
25 11 53.630115
25 12 55.445008
25 13 56.741126
25 14 55.586090
25 15 27.976948
25 16 55.118587
25 17 55.918089
25 18 56.839549
25 19 27.576688
25 20 54.567860
25 21 12.276108
25 22 10.084013
25 23 9.580586
25 24 5.839177
25 25 0.000000
25 26 36.963339
25 27 144.352423
25 28 27.675676
25 29 42.486872
26 0 63.106403
26 1 118.617195
26 2 29.335721
26 3 114.774081
26 4 60.042144
26 5 34.776333
26 6 30.978965
26 7 44.872304
26 8 31.522848
26 9 36.766339
26 10 62.355852
26 11 61.826415
26 12 42.390686
26 13 59.389216
26 14 42.666667
26 15 41.809250
26 16 61.162856
26 17 60.290708
26 18 62.444974
26 19 42.390686
26 20 62.415238
26 21 41.360682
26 22 59.068049
26 23 10.112020
26 24 8.775576
26 25 6.307603
26 26 0.000000
26 27 10.769205
26 28 42.226804
26 29 25.066361
27 0 72.898776
27 1 143.248087
27 2 39.301949
27 3 31.790444
27 4 55.633277
27 5 65.667335
27 6 36.786977
27 7 36.088106
27 8 3.588752
27 9 33.634077
27 10 36.776655
27 11 2.624695
27 12 36.388673
27 13 105.363344
27 14 54.567860
27 15 57.487719
27 16 37.947887
27 17 107.789474
27 18 39.610759
27 19 55.304641
27 20 37.729419
27 21 37.005082
27 22 56.447890
27 23 57.817380
27 24 37.958876
27 25 8.353856
27 26 5.640659
27 27 0.000000
27 28 37.257533
27 29 55.562526
28 0 130.941059
28 1 121.026777
28 2 68.053998
28 3 73.553311
28 4 30.145354
28 5 36.297978
28 6 126.030769
28 7 34.915290
28 8 33.267005
28 9 26.135992
28 10 26.656905
28 11 25.114390
28 12 77.237478
28 13 42.213205
28 14 107.348075
28 15 31.976580
28 16 60.485464
28 17 63.442401
28 18 60.485464
28 19 61.709981
28 20 41.531052
28 21 42.363284
28 22 59.932327
28 23 63.045695
28 24 63.136802
28 25 41.596953
28 26 59.362319
28 27 5.747259
28 28 0.000000
28 29 11.855282
29 0 109.226667
29 1 69.645058
29 2 58.776682
29 3 74.983982
29 4 61.797265
29 5 32.982386
29 6 30.753637
29 7 48.599184
29 8 34.785563
29 9 32.800801
29 10 0.155655
29 11 33.599590
29 12 30.775299
29 13 78.019048
29 14 31.454764
29 15 30.298659
29 16 31.274636
29 17 60.485464
29 18 59.959744
29 19 62.207879
29 20 63.106403
29 21 41.769280
29 22 59.281773
29 23 64.503937
29 24 42.500649
29 25 58.331998
29 26 42.023726
29 27 61.972577
29 28 41.230576
29 29 0.000000
