0 0 0.000000
0 1 8.075411
0 2 24.819542
0 3 114.723851
0 4 0.314234
0 5 5349.877551
0 6 6898.526316
0 7 7281.777778
0 8 6553.600000
0 9 5825.422222
0 10 6553.600000
0 11 6393.756098
0 12 6241.523810
0 13 6096.372093
0 14 6721.641026
0 15 6096.372093
0 16 6393.756098
0 17 6393.756098
0 18 6553.600000
0 19 6241.523810
0 20 6241.523810
0 21 6096.372093
0 22 6553.600000
0 23 6393.756098
0 24 5825.422222
0 25 6096.372093
0 26 6096.372093
0 27 6241.523810
0 28 2570.039216
0 29 1820.444444
1 0 6.739787
1 1 0.000000
1 2 11.175036
1 3 24.337944
1 4 81.184268
1 5 0.281863
1 6 1317.306533
1 7 1941.807407
1 8 24.793720
1 9 1833.174825
1 10 1795.506849
1 11 1448.309392
1 12 22.546143
1 13 1807.889655
1 14 1859.177305
1 15 1807.889655
1 16 21.796292
1 17 1846.084507
1 18 0.341975
1 19 246.144601
1 20 58.842649
1 21 26.828779
1 22 1638.400000
1 23 1795.506849
1 24 1859.177305
1 25 1885.928058
1 26 0.078802
1 27 1669.707006
1 28 9.069158
1 29 748.982857
2 0 6.071099
2 1 894.689420
2 2 0.000000
2 3 13.380155
2 4 22.557783
2 5 0.302818
2 6 3.735256
2 7 82.695268
2 8 236.165766
2 9 27.187720
2 10 26.425806
2 11 1736.052980
2 12 1248.304762
2 13 18.004396
2 14 1736.052980
2 15 1941.807407
2 16 608.222738
2 17 71.022487
2 18 0.338422
2 19 1638.400000
2 20 1956.298507
2 21 1971.007519
2 22 12.009529
2 23 1638.400000
2 24 978.149254
2 25 352.818304
2 26 0.079161
2 27 1506.574713
2 28 18.780914
2 29 41.689567
3 0 4.822015
3 1 27.637744
3 2 1497.965714
3 3 0.000000
3 4 12.256019
3 5 0.305011
3 6 3.605882
3 7 13.911271
3 8 82.852086
3 9 1472.719101
3 10 16.319741
3 11 18.154017
3 12 1669.707006
3 13 1971.007519
3 14 17.250855
3 15 1846.084507
3 16 1956.298507
3 17 1219.274419
3 18 0.350693
3 19 0.294222
3 20 1317.306533
3 21 1833.174825
3 22 1638.400000
3 23 1680.410256
3 24 1913.459854
3 25 1057.032258
3 26 0.107272
3 27 18.430992
3 28 25.421257
3 29 24.419562
4 0 4.112579
4 1 19.909167
4 2 41.165829
4 3 2279.513043
4 4 0.000000
4 5 0.302256
4 6 3.756452
4 7 9.982635
4 8 19.679003
4 9 30.891350
4 10 227.358196
4 11 19.567366
4 12 25.512798
4 13 121.475440
4 14 28.078835
4 15 21.065895
4 16 2279.513043
4 17 1927.529412
4 18 0.363596
4 19 0.293408
4 20 10.388935
4 21 19.634784
4 22 64.298259
4 23 5.327480
4 24 2202.890756
4 25 1440.351648
4 26 0.111459
4 27 10.271295
4 28 30.453532
4 29 33.090634
5 0 0.278828
5 1 1291.349754
5 2 1409.376344
5 3 1489.454545
5 4 936.228571
5 5 0.000000
5 6 3.219691
5 7 10.059634
5 8 12.386902
5 9 15.557507
5 10 1472.719101
5 11 45.813352
5 12 20.788580
5 13 33.755344
5 14 77.787537
5 15 25.384332
5 16 20.544201
5 17 76.740047
5 18 0.375807
5 19 0.293929
5 20 8.000732
5 21 19.248403
5 22 29.969590
5 23 28.931023
5 24 6.523754
5 25 46.339756
5 26 0.112266
5 27 6.674747
5 28 52.671087
5 29 26.845264
6 0 0.278747
6 1 3.677201
6 2 2032.124031
6 3 2319.858407
6 4 1533.005848
6 5 1759.355705
6 6 0.000000
6 7 7.214443
6 8 13.103269
6 9 8.436935
6 10 45.228433
6 11 230.152766
6 12 23.744928
6 13 38.675716
6 14 28.509407
6 15 60.878774
6 16 27.426658
6 17 27.335141
6 18 0.383318
6 19 0.293908
6 20 10.013905
6 21 10.199362
6 22 26.675893
6 23 23.935720
6 24 8.434492
6 25 20.340161
6 26 0.112605
6 27 6.064358
6 28 19.681958
6 29 33.956477
7 0 0.281222
7 1 3.714456
7 2 14.864142
7 3 27.536134
7 4 5577.531915
7 5 4854.518519
7 6 4032.984615
7 7 0.000000
7 8 8.559804
7 9 9.042566
7 10 16.432270
7 11 22.198662
7 12 5957.818182
7 13 27.435269
7 14 26.927992
7 15 34.730260
7 16 53.586263
7 17 35.391387
7 18 0.388263
7 19 0.293816
7 20 8.336057
7 21 12.334447
7 22 17.580578
7 23 23.794499
7 24 10.041908
7 25 14.579755
7 26 0.112896
7 27 6.394224
7 28 8.746297
7 29 105.788539
8 0 0.281145
8 1 3.686250
8 2 13.743525
8 3 12.829443
8 4 31.813592
8 5 4946.113208
8 6 3158.361446
8 7 3542.486486
8 8 0.000000
8 9 6.111580
8 10 15.806090
8 11 14.750394
8 12 106.389610
8 13 22.114392
8 14 43.610714
8 15 70.658760
8 16 29.049645
8 17 27.872834
8 18 0.396639
8 19 0.293684
8 20 1.138049
8 21 4854.518519
8 22 2702.515464
8 23 6096.372093
8 24 5698.782609
8 25 2912.711111
8 26 0.118396
8 27 6.587195
8 28 8.075162
8 29 20.981591
9 0 0.281623
9 1 3.100241
9 2 28.655881
9 3 12.822540
9 4 19.475780
9 5 11.949856
9 6 1795.506849
9 7 89.775342
9 8 1278.751220
9 9 0.000000
9 10 7.866051
9 11 18.148989
9 12 18.920534
9 13 33.934498
9 14 26.487218
9 15 206.575256
9 16 26.963999
9 17 33.634077
9 18 0.402398
9 19 0.293971
9 20 8.413647
9 21 1.209034
9 22 123.303857
9 23 127.069317
9 24 82.228356
9 25 83.698595
9 26 0.119894
9 27 6.590673
9 28 8.349067
9 29 14.091491
10 0 0.281029
10 1 3.106487
10 2 14.387706
10 3 16.250945
10 4 20.256858
10 5 12.760746
10 6 17.805067
10 7 1524.093023
10 8 22.045581
10 9 2259.862069
10 10 0.000000
10 11 8.957900
10 12 18.805165
10 13 34.693489
10 14 24.446890
10 15 39.161040
10 16 43.351083
10 17 30.488951
10 18 0.409195
10 19 0.294160
10 20 0.295273
10 21 5041.230769
10 22 2880.703297
10 23 7084.972973
10 24 6721.641026
10 25 1846.084507
10 26 0.168340
10 27 6.613285
10 28 8.350929
10 29 13.553097
11 0 0.277955
11 1 3.202854
11 2 8.243781
11 3 14.043178
11 4 38.308344
11 5 21.429249
11 6 12.681728
11 7 18.204444
11 8 70.506724
11 9 31.802014
11 10 1724.631579
11 11 0.000000
11 12 9.828434
11 13 24.876068
11 14 24.196419
11 15 27.902501
11 16 29.371877
11 17 41.716104
11 18 0.415453
11 19 0.293566
11 20 0.295636
11 21 10.672747
11 22 2319.858407
11 23 106.519301
11 24 2221.559322
11 25 121.138632
11 26 0.170913
11 27 7.357395
11 28 8.873303
11 29 10.764783
12 0 0.281549
12 1 3.060714
12 2 8.551148
12 3 9.715154
12 4 29.375168
12 5 23.303760
12 6 20.973198
12 7 17.857221
12 8 18.635388
12 9 25.620016
12 10 71.003250
12 11 5825.422222
12 12 0.000000
12 13 10.507616
12 14 20.446455
12 15 31.450990
12 16 27.145490
12 17 32.690360
12 18 0.422476
12 19 0.293707
12 20 0.295169
12 21 11.373829
12 22 13.200927
12 23 5577.531915
12 24 72.116644
12 25 2702.515464
12 26 0.173557
12 27 5.542977
12 28 10.825240
12 29 10.001297
13 0 0.276999
13 1 2.777361
13 2 11.838150
13 3 9.583038
13 4 18.809213
13 5 23.074025
13 6 18.527387
13 7 21.150879
13 8 19.436791
13 9 23.918248
13 10 24.295088
13 11 43.480511
13 12 1885.928058
13 13 0.000000
13 14 10.999203
13 15 22.285471
13 16 33.262784
13 17 34.289601
13 18 0.425906
13 19 0.293613
13 20 0.295254
13 21 11.634298
13 22 12.521806
14 0 0.277125
14 1 2.799338
14 2 7.152828
14 3 14.935278
14 4 19.126222
14 5 19.350705
14 6 17.324962
14 7 21.901913
14 8 18.912344
14 9 19.265378
14 10 24.446890
14 11 50.724458
14 12 26.322322
14 13 1795.506849
14 14 0.000000
14 15 11.074479
14 16 26.359377
14 17 25.970279
14 18 0.435719
14 19 0.292841
14 20 0.294003
14 21 11.409967
14 22 16.437422
14 23 12.697084
14 24 22.363419
14 25 43.836789
14 26 0.177387
14 27 5.713439
13 23 16.577752
13 24 49.442475
14 28 9.026686
14 29 12.546377
13 25 1170.285714
13 26 0.175285
13 27 5.943500
13 28 10.089058
13 29 11.159813
15 0 0.276289
15 1 2.793253
15 2 7.839234
15 3 8.551985
15 4 14.739612
15 5 30.949705
15 6 21.069281
15 7 19.163974
15 8 26.936293
15 9 18.127654
15 10 21.984569
15 11 29.454382
15 12 33.103170
15 13 30.742817
15 14 2880.703297
15 15 0.000000
15 16 11.061862
15 17 19.942488
15 18 0.440213
15 19 0.293813
15 20 0.295277
15 21 8.354122
15 22 16.192723
15 23 16.242890
15 24 15.434762
15 25 31.319474
15 26 0.178560
15 27 5.502949
15 28 8.453531
15 29 12.146418
16 0 0.280694
16 1 2.780926
16 2 8.151497
16 3 8.792648
16 4 10.037294
16 5 23.102494
16 6 27.264067
16 7 18.979438
16 8 28.178437
16 9 21.130421
16 10 17.298667
16 11 24.517770
16 12 40.095442
16 13 32.690360
16 14 26.812315
16 15 6721.641026
16 16 0.000000
16 17 11.260481
16 18 0.443376
16 19 0.293319
16 20 0.295494
16 21 8.468278
16 22 10.738325
16 23 27.863946
16 24 16.515089
17 0 0.276101
17 1 2.442821
17 2 15.678469
17 3 8.429339
17 4 9.536671
17 5 14.689230
17 6 21.427497
17 7 25.819364
17 8 19.041476
17 9 24.440052
17 10 23.839942
17 11 20.938019
17 12 30.836843
17 13 34.388561
17 14 26.238014
17 15 31.353187
16 25 16.507809
16 26 0.179350
16 27 0.061950
17 16 1759.355705
17 17 0.000000
17 18 0.437016
17 19 0.062590
17 20 1680.410256
17 21 1956.298507
17 22 1956.298507
17 23 2279.513043
17 24 2340.571429
17 25 2361.657658
16 28 5041.230769
16 29 2788.765957
17 26 1648.704403
17 27 0.077199
17 28 1702.233766
17 29 2383.127273
18 0 0.277738
18 1 0.303174
18 2 2097.152000
18 3 2221.559322
18 4 2221.559322
18 5 2259.862069
18 6 2221.559322
18 7 2299.508772
18 8 2221.559322
18 9 2279.513043
18 10 2449.943925
18 11 2621.440000
18 12 2319.858407
18 13 2570.039216
18 14 2595.485149
18 15 2759.410526
18 16 2114.064516
18 17 1165.084444
18 18 0.000000
18 19 0.061957
18 20 16.267080
18 21 37.005082
18 22 1899.594203
18 23 61.521709
18 24 2131.252033
18 25 2240.547009
18 26 68.480669
18 27 0.078008
18 28 16.392196
18 29 61.972577
19 0 0.276108
19 1 0.300384
19 2 0.294704
19 3 1747.626667
19 4 1941.807407
19 5 2064.125984
19 6 2048.000000
19 7 2064.125984
19 8 2080.507937
19 9 2184.533333
19 10 2340.571429
19 11 2340.571429
19 12 2427.259259
19 13 1795.506849
19 14 2299.508772
19 15 2449.943925
19 16 967.321033
19 17 0.078728
19 18 1638.400000
19 19 0.000000
19 20 11.770643
19 21 14.459926
19 22 78.135320
19 23 85.724003
19 24 49.517189
19 25 2131.252033
19 26 52.376424
19 27 0.078467
19 28 7.582114
19 29 1941.807407
20 0 0.277229
20 1 0.301772
20 2 7.679625
20 3 0.292009
20 4 60.415764
20 5 2148.721311
20 6 2221.559322
20 7 140.710682
20 8 2148.721311
20 9 0.305236
20 10 2080.507937
20 11 2202.890756
20 12 1448.309392
20 13 2166.479339
20 14 1579.180723
20 15 2166.479339
20 16 1456.355556
20 17 0.107503
20 18 237.019892
20 19 2184.533333
20 20 0.000000
20 21 9.424894
20 22 17.122404
20 23 143.483306
20 24 23.874681
20 25 81.411180
20 26 2114.064516
20 27 0.078867
20 28 7.267042
20 29 16.981538
21 0 0.280453
21 1 0.297986
21 2 10.443152
21 3 0.293407
21 4 10.624301
21 5 24.630649
21 6 5698.782609
21 7 6553.600000
21 8 1.342511
21 9 3360.820513
21 10 0.394773
21 11 1691.251613
21 12 115.941619
21 13 120.415250
21 14 32.351475
21 15 2674.938776
21 16 4032.984615
21 17 0.109240
21 18 14.894545
21 19 74.324922
21 20 2647.919192
21 21 0.000000
21 22 9.400559
21 23 26.670465
21 24 33.216422
21 25 27.614453
21 26 2730.666667
21 27 0.079200
21 28 7.812833
21 29 13.810136
22 0 0.277194
22 1 0.295495
22 2 9.701491
22 3 0.296245
22 4 8.377884
22 5 24.497150
22 6 31.560799
22 7 2166.479339
22 8 1.463176
22 9 17.033398
22 10 0.406359
22 11 10.598100
22 12 2114.064516
22 13 140.183957
22 14 1424.695652
22 15 22.878687
22 16 2131.252033
22 17 0.110257
22 18 11.908599
22 19 21.515430
22 20 37.518821
22 21 2259.862069
22 22 0.000000
22 23 11.028355
22 24 22.702347
22 25 29.724912
22 26 28.450619
22 27 0.079608
22 28 7.193063
22 29 15.751953
23 0 0.280032
23 1 0.296982
23 2 6.619297
23 3 0.299219
23 4 6.347005
23 5 25.177103
23 6 25.342614
23 7 63.273956
23 8 1.593765
23 9 15.763319
23 10 0.406233
23 11 13.480613
23 12 13.056931
23 13 56.242008
23 14 216.827130
23 15 45.283123
23 16 45.049665
23 17 0.111138
23 18 12.318218
23 19 17.565264
23 20 21.715043
23 21 28.521815
23 22 6241.523810
23 23 0.000000
23 24 10.738325
23 25 25.826995
23 26 32.625264
23 27 0.079789
23 28 6.199163
23 29 14.403516
29 0 0.279101
29 1 0.061941
29 2 18.875576
29 3 21.858084
29 4 26.219644
29 5 18.632739
29 6 28.580898
29 7 16.686442
29 8 74.812785
29 9 2595.485149
29 10 39.875875
29 11 5577.531915
29 12 79.030449
29 13 110.983912
29 14 110.749472
29 15 3120.761905
29 16 0.063188
29 17 15.783250
29 18 16.714104
29 19 11.439344
29 20 74.791441
29 21 5957.818182
29 22 43.639754
29 23 32.694438
29 24 2473.056604
29 25 57.881210
29 26 2621.440000
29 27 3236.345679
29 28 3591.013699
29 29 0.000000
25 0 0.277026
25 1 0.295349
25 2 6.838242
25 3 0.300205
25 4 3.103692
25 5 24.589063
25 6 28.102916
25 7 1440.351648
25 8 2.042797
25 9 14.369566
25 10 0.408500
25 11 11.730613
25 12 14.143189
25 13 13.922354
25 14 30.024510
25 15 28.478436
25 16 124.062470
25 17 0.112189
25 18 11.245506
25 19 13.826890
25 20 14.147005
25 21 28.181466
25 22 24.543020
25 23 25.028070
25 24 1783.292517
25 25 0.000000
25 26 13.867852
25 27 0.080052
25 28 5.885057
25 29 11.550229
24 0 0.279915
24 1 0.296780
24 2 6.621637
24 3 0.299025
24 4 3.162896
24 5 5041.230769
24 6 6721.641026
24 7 3360.820513
24 8 1.778574
24 9 14.796184
24 10 0.407653
24 11 11.177895
24 12 16.582996
24 13 17.482094
24 14 25.705432
24 15 6241.523810
24 16 221.967824
24 17 0.111552
24 18 10.202538
24 19 14.970247
24 20 22.946779
24 21 24.203121
24 22 29.789091
24 23 6553.600000
24 24 0.000000
24 25 10.173238
24 26 27.541921
24 27 0.080010
24 28 6.003389
24 29 10.824793
26 0 0.276394
26 1 0.062413
26 2 2016.492308
26 3 2184.533333
26 4 2131.252033
26 5 2404.990826
26 6 2473.056604
26 7 2404.990826
26 8 2064.125984
26 9 2259.862069
26 10 2383.127273
26 11 2202.890756
26 12 2427.259259
26 13 2570.039216
26 14 2279.513043
26 15 2674.938776
26 16 1278.751220
26 17 0.289803
26 18 10.930409
26 19 12.855237
26 20 16.727969
26 21 14.898778
26 22 25.337715
26 23 36.495058
26 24 28.330704
26 25 2080.507937
26 26 0.000000
26 27 0.079876
26 28 6.381305
26 29 9.495563
27 0 0.275779
27 1 0.062319
27 2 10.724268
27 3 30.706806
27 4 16.572512
27 5 932.896797
27 6 321.254902
27 7 1680.410256
27 8 2166.479339
27 9 2361.657658
27 10 54.274120
27 11 36.083138
27 12 61.709981
27 13 1807.889655
27 14 1638.400000
27 15 1358.259067
27 16 0.062510
28 0 0.279973
28 1 0.061940
28 2 23.135116
28 3 25.104769
28 4 33.237479
28 5 18.802467
28 6 19.067792
28 7 5349.877551
28 8 2788.765957
28 9 2240.547009
28 10 6898.526316
28 11 135.825907
28 12 76.740047
28 13 26.303833
28 14 2702.515464
28 15 3196.878049
28 16 0.062862
28 17 15.402115
28 18 12.283586
28 19 5140.078431
28 20 7281.777778
28 21 118.456394
28 22 38.624429
28 23 5577.531915
28 24 2730.666667
28 25 5825.422222
28 26 6393.756098
28 27 7710.117647
28 28 0.000000
28 29 6.178998
27 17 1379.705263
27 18 1846.084507
27 19 1638.400000
27 20 2048.000000
27 21 2064.125984
27 22 2202.890756
27 23 2340.571429
27 24 2340.571429
27 25 1691.251613
27 26 1291.349754
27 27 0.000000
27 28 3.991838
27 29 9.182570
