0 0 0.000000
0 1 43.145949
0 2 64.981626
0 3 43.845038
0 4 70.167024
0 5 55.891264
0 6 37.561828
0 7 92.109628
0 8 179.535314
0 9 68.213375
0 10 101.390060
0 11 43.551845
0 12 33.988947
0 13 48.327042
0 14 55.518399
0 15 36.359021
0 16 39.164696
0 17 55.642133
0 18 31.760594
0 19 43.452583
0 20 40.271762
0 21 71.697504
0 22 102.051192
0 23 73.337250
0 24 184.154549
0 25 69.828256
0 26 100.069285
0 27 103.313070
0 28 126.106554
0 29 75.611191
1 0 85.208516
1 1 0.000000
1 2 126.700822
1 3 159.430744
1 4 59.043104
1 5 94.542963
1 6 61.963421
1 7 53.872585
1 8 89.979491
1 9 66.200069
1 10 54.481386
1 11 107.041241
1 12 93.480966
1 13 75.964502
1 14 73.861586
1 15 62.638949
1 16 104.810435
1 17 78.442192
1 18 34.202362
1 19 71.242042
1 20 80.083706
1 21 85.166992
1 22 96.741028
1 23 127.649400
1 24 82.542291
1 25 111.113278
1 26 95.338092
1 27 174.937604
1 28 187.984224
1 29 163.533375
2 0 100.664907
2 1 40.377989
2 2 0.000000
2 3 49.915552
2 4 73.012986
2 5 56.406896
2 6 82.500079
2 7 55.095418
2 8 53.599959
2 9 63.894705
2 10 95.620646
2 11 63.873298
2 12 79.410504
2 13 74.954502
2 14 87.831470
2 15 33.071848
2 16 121.531757
2 17 45.567477
2 18 33.326744
2 19 126.525008
2 20 66.616435
2 21 115.297817
2 22 119.346233
2 23 116.930694
2 24 90.355536
2 25 88.802168
2 26 221.032040
2 27 75.682136
2 28 133.644660
2 29 107.568322
3 0 91.311534
3 1 116.956779
3 2 24.672667
3 3 0.000000
3 4 23.610993
3 5 78.319154
3 6 44.391685
3 7 50.652175
3 8 81.118323
3 9 77.394250
3 10 63.064654
3 11 77.237478
3 12 85.801162
3 13 48.721123
3 14 113.907555
3 15 89.522411
3 16 75.126348
3 17 59.652748
3 18 71.980505
3 19 71.830114
3 20 61.630187
3 21 65.977223
3 22 70.253995
3 23 123.725782
3 24 96.816952
3 25 70.087294
3 26 100.766481
3 27 116.089233
3 28 70.601670
3 29 121.665719
4 0 117.718327
4 1 96.111457
4 2 33.943286
4 3 18.928902
4 4 0.000000
4 5 110.790427
4 6 73.718785
4 7 73.558471
4 8 66.629134
4 9 48.962271
4 10 44.483020
4 11 73.488874
4 12 62.958631
4 13 65.366456
4 14 98.875625
4 15 52.597111
4 16 98.112374
4 17 84.060927
4 18 73.747301
4 19 59.894671
4 20 60.564069
4 21 94.572807
4 22 84.874014
4 23 132.178999
4 24 70.494874
4 25 134.761085
4 26 102.430009
4 27 223.362658
4 28 57.214820
4 29 62.316941
5 0 75.428982
5 1 125.758695
5 2 127.470946
5 3 43.841371
5 4 14.945070
5 5 0.000000
5 6 28.733620
5 7 67.636973
5 8 142.488925
5 9 57.669517
5 10 104.144212
5 11 79.176653
5 12 64.335736
5 13 76.201882
5 14 106.893929
5 15 108.318372
5 16 98.815059
5 17 77.365699
5 18 78.348414
5 19 75.545821
5 20 218.932248
5 21 89.606563
5 22 50.051360
5 23 47.508144
5 24 120.008698
5 25 48.158358
5 26 123.828059
5 27 55.589037
5 28 161.555504
5 29 72.151380
6 0 48.622847
6 1 76.199113
6 2 71.780942
6 3 39.050201
6 4 22.641073
6 5 12.764940
6 6 0.000000
6 7 56.096081
6 8 71.643618
6 9 152.775698
6 10 38.220375
6 11 54.440372
6 12 125.240490
6 13 70.089636
6 14 74.324922
6 15 124.216786
6 16 71.985446
6 17 51.816075
6 18 73.378307
6 19 48.052425
6 20 65.558536
6 21 47.740667
6 22 54.219396
6 23 60.040425
6 24 60.306312
6 25 75.409996
6 26 76.731623
6 27 196.971166
6 28 102.625495
6 29 85.913642
7 0 104.139041
7 1 71.602035
7 2 80.239976
7 3 90.750444
7 4 37.622475
7 5 27.483808
7 6 10.870578
7 7 0.000000
7 8 16.282995
7 9 75.934246
7 10 117.054700
7 11 30.217022
7 12 93.933172
7 13 84.894628
7 14 68.360128
7 15 60.142013
7 16 65.098619
7 17 80.117359
7 18 40.242396
7 19 47.367575
7 20 42.002684
7 21 42.388115
7 22 34.661951
7 23 53.331435
7 24 29.320135
7 25 53.768992
7 26 43.567226
7 27 55.442077
7 28 53.934933
7 29 89.875375
8 0 118.590364
8 1 83.098308
8 2 68.795171
8 3 95.611927
8 4 46.097332
8 5 51.049195
8 6 16.238488
8 7 9.795885
8 8 0.000000
8 9 35.408118
8 10 100.002480
8 11 71.089898
8 12 48.607069
8 13 11.610273
8 14 53.768992
8 15 59.976892
8 16 84.716300
8 17 45.136929
8 18 89.251904
8 19 38.846939
8 20 50.827727
8 21 45.890545
8 22 59.320341
8 23 60.816982
8 24 37.745037
8 25 51.884018
8 26 53.764857
8 27 51.724060
8 28 58.811296
8 29 46.757157
9 0 47.518909
9 1 67.858017
9 2 73.924072
9 3 94.713757
9 4 70.077926
9 5 46.034595
9 6 25.697558
9 7 20.930705
9 8 8.473992
9 9 0.000000
9 10 73.053680
9 11 117.257590
9 12 25.416943
9 13 61.334581
9 14 15.614266
9 15 124.121212
9 16 102.200390
9 17 51.185004
9 18 56.636923
9 19 61.410015
9 20 69.805013
9 21 74.459506
9 22 50.902983
9 23 71.010463
9 24 69.228931
9 25 66.331984
9 26 54.747350
9 27 115.954440
9 28 102.580317
9 29 71.884281
10 0 139.308622
10 1 79.488762
10 2 171.279974
10 3 66.131181
10 4 58.506124
10 5 35.018485
10 6 34.424123
10 7 27.201473
10 8 13.987074
10 9 7.827706
10 10 0.000000
10 11 105.639331
10 12 18.635222
10 13 39.489926
10 14 74.783440
10 15 60.838154
10 16 18.625457
10 17 57.093325
10 18 48.262537
10 19 120.720239
10 20 69.472024
10 21 50.793257
10 22 32.386447
10 23 55.997223
10 24 43.970060
10 25 45.078715
10 26 59.288477
10 27 54.938098
10 28 34.309796
10 29 52.422247
11 0 49.788751
11 1 66.824459
11 2 65.497111
11 3 110.486908
11 4 100.902232
11 5 120.574484
11 6 34.938558
11 7 42.537717
11 8 30.086537
11 9 15.388666
11 10 7.145760
11 11 0.000000
11 12 18.027766
11 13 45.833377
11 14 56.984729
11 15 51.246292
11 16 57.790295
11 17 19.742732
11 18 40.365554
11 19 81.894408
11 20 72.126565
11 21 54.763076
11 22 43.378881
11 23 71.521451
11 24 72.270729
11 25 66.018762
11 26 109.141400
11 27 74.957181
11 28 60.684993
11 29 104.201133
12 0 93.568554
12 1 90.293292
12 2 58.740463
12 3 90.262202
12 4 59.248277
12 5 95.939979
12 6 34.457494
12 7 36.289813
12 8 24.587910
12 9 20.042356
12 10 12.150500
12 11 6.637775
12 12 0.000000
12 13 58.108950
12 14 82.809556
12 15 114.410911
12 16 14.298146
12 17 63.440482
12 18 68.391338
12 19 15.156884
12 20 63.563544
12 21 50.869645
12 22 36.243403
12 23 55.791641
12 24 91.915849
12 25 65.427635
12 26 67.231494
12 27 61.408216
12 28 56.932132
12 29 92.667226
13 0 126.517375
13 1 114.298670
13 2 75.575768
13 3 50.840048
13 4 47.699404
13 5 90.402276
13 6 51.655262
13 7 27.554586
13 8 35.607715
13 9 27.037001
13 10 20.756483
13 11 12.959863
13 12 6.046210
13 13 0.000000
13 14 33.742852
13 15 81.335402
13 16 65.044104
13 17 23.330204
13 18 53.883659
13 19 76.257300
13 20 11.260421
13 21 40.305043
13 22 49.788751
13 23 56.150151
13 24 46.587848
13 25 69.511170
13 26 98.740619
13 27 78.748526
13 28 44.855028
13 29 69.485835
14 0 104.570032
14 1 108.072765
14 2 80.396856
14 3 190.097172
14 4 95.147770
14 5 136.116830
14 6 58.275266
14 7 43.209066
14 8 25.649784
14 9 28.103669
14 10 22.667748
14 11 22.450563
14 12 9.832305
14 13 5.675833
14 14 0.000000
14 15 45.679634
14 16 31.871127
14 17 60.953090
14 18 24.409330
14 19 87.523559
14 20 59.898092
14 21 76.686730
14 22 8.762705
14 23 39.688721
14 24 66.948188
14 25 38.770812
14 26 117.824147
14 27 35.587171
14 28 102.630518
14 29 115.948029
15 0 60.448851
15 1 144.025273
15 2 104.564819
15 3 78.553845
15 4 60.558822
15 5 107.188960
15 6 98.061910
15 7 51.878884
15 8 30.282034
15 9 40.613359
15 10 22.037936
15 11 24.341617
15 12 16.845136
15 13 10.979164
15 14 5.279666
15 15 0.000000
15 16 18.834213
15 17 66.563575
15 18 41.672171
15 19 43.317057
15 20 25.196463
15 21 68.217813
15 22 50.237202
15 23 13.025223
15 24 74.156719
15 25 27.272576
15 26 71.261409
15 27 63.482730
15 28 91.614696
15 29 79.785125
16 0 115.819959
16 1 73.971006
16 2 79.736588
16 3 97.537417
16 4 126.402990
16 5 144.342487
16 6 78.683525
16 7 68.435974
16 8 45.302687
16 9 30.365342
16 10 27.489933
16 11 21.208418
16 12 18.024977
16 13 16.081221
16 14 8.761534
16 15 4.949171
16 16 0.000000
16 17 49.226609
16 18 38.818895
16 19 29.193201
16 20 62.005559
16 21 24.355752
16 22 113.697587
16 23 64.776896
16 24 35.066499
16 25 7.662033
16 26 56.750338
16 27 56.848794
16 28 52.398671
16 29 62.233723
17 0 61.617511
17 1 59.323697
17 2 44.963701
17 3 47.932712
17 4 56.138127
17 5 69.210653
17 6 49.696723
17 7 64.436551
17 8 43.534667
17 9 27.489573
17 10 31.199262
17 11 44.819559
17 12 21.928479
17 13 20.285269
17 14 17.070001
17 15 9.393864
17 16 4.667796
17 17 0.000000
17 18 57.252307
17 19 60.576314
17 20 68.422577
17 21 119.933204
17 22 57.618815
17 23 94.249787
17 24 35.131705
17 25 39.086592
17 26 8.277164
17 27 49.795845
17 28 60.167896
17 29 52.681672
18 0 178.329252
18 1 77.981333
18 2 85.146244
18 3 72.520645
18 4 47.278941
18 5 245.367029
18 6 54.887772
18 7 99.344008
18 8 86.684248
18 9 30.015057
18 10 41.296339
18 11 40.357786
18 12 22.608366
18 13 20.610425
18 14 17.227756
18 15 13.283707
18 16 7.611946
18 17 4.394380
18 18 0.000000
18 19 31.497282
18 20 72.295643
18 21 50.406249
18 22 45.313455
18 23 108.598830
18 24 82.425500
18 25 63.704496
18 26 34.867689
18 27 41.835940
18 28 14.821176
18 29 38.957349
19 0 12.287112
19 1 65.879810
19 2 119.196999
19 3 68.801942
19 4 42.317123
19 5 78.477416
19 6 57.801444
19 7 50.007201
19 8 59.490298
19 9 72.949492
19 10 28.673120
19 11 40.869003
19 12 33.818487
19 13 20.732270
19 14 21.620569
19 15 18.283801
19 16 13.407700
19 17 8.409767
19 18 4.160025
19 19 0.000000
19 20 67.087396
19 21 49.702612
19 22 154.600221
19 23 45.568467
19 24 60.173075
19 25 70.928806
19 26 58.783272
19 27 35.648269
19 28 26.258054
19 29 72.870913
20 0 43.512989
20 1 93.049605
20 2 60.921218
20 3 59.406039
20 4 69.201518
20 5 104.046041
20 6 68.985263
20 7 85.191209
20 8 89.465125
20 9 103.013656
20 10 57.344672
20 11 32.082242
20 12 28.115726
20 13 29.288196
20 14 19.095049
20 15 16.156920
20 16 13.853744
20 17 13.076796
20 18 7.025235
20 19 3.912977
20 20 0.000000
20 21 67.504168
20 22 63.079829
20 23 51.657807
20 24 75.312504
20 25 47.298135
20 26 81.588547
20 27 54.690241
20 28 47.130189
20 29 27.146896
21 0 60.527361
21 1 81.531452
21 2 37.766789
21 3 43.229551
21 4 75.673944
21 5 141.728188
21 6 55.135976
21 7 74.767443
21 8 72.742005
21 9 85.277814
21 10 89.698546
21 11 80.622482
21 12 82.513063
21 13 37.016186
21 14 26.004737
21 15 27.207120
21 16 16.091092
21 17 16.111489
21 18 11.314612
21 19 7.569252
21 20 3.714344
21 21 0.000000
21 22 115.583774
21 23 116.443753
21 24 69.485835
21 25 80.918007
21 26 116.963302
21 27 74.327556
21 28 103.064282
21 29 37.414401
22 0 86.044065
22 1 77.180627
22 2 155.195145
22 3 91.819264
22 4 139.884739
22 5 75.739536
22 6 80.684518
22 7 82.289661
22 8 85.427186
22 9 82.490343
22 10 74.583968
22 11 66.869205
22 12 88.338332
22 13 64.694965
22 14 83.701936
22 15 20.842919
22 16 19.135646
22 17 15.632306
22 18 13.606737
22 19 11.056613
22 20 6.399473
22 21 3.560215
22 22 0.000000
22 23 60.558822
22 24 81.272361
22 25 78.671718
22 26 111.443937
22 27 61.737231
22 28 64.832968
22 29 82.947119
23 0 91.271794
23 1 190.823658
23 2 177.860402
23 3 88.104525
23 4 62.915189
23 5 3.649855
23 6 67.515034
23 7 70.445146
23 8 75.594838
23 9 74.314387
23 10 87.629617
23 11 77.943656
23 12 93.406022
23 13 56.592601
23 14 64.019537
23 15 51.265083
23 16 92.316415
23 17 30.814641
23 18 15.665352
23 19 14.326668
23 20 10.915106
23 21 6.799068
23 22 3.415813
23 23 0.000000
23 24 71.761292
23 25 71.082670
23 26 84.260195
23 27 91.674768
23 28 119.244442
23 29 80.579113
24 0 81.181125
24 1 83.591837
24 2 65.411310
24 3 107.507664
24 4 65.474618
24 5 146.295919
24 6 65.503248
24 7 72.941880
24 8 69.610383
24 9 79.140798
24 10 72.268238
24 11 74.112167
24 12 100.713250
24 13 69.823606
24 14 85.350698
24 15 69.174127
24 16 97.961136
24 17 73.514635
24 18 94.966807
24 19 15.471313
24 20 11.823934
24 21 9.483968
24 22 5.881229
24 23 3.246823
24 24 0.000000
24 25 51.688364
24 26 63.390624
24 27 97.256968
24 28 50.709740
24 29 44.909780
25 0 86.644852
25 1 109.374778
25 2 98.121555
25 3 130.998313
25 4 101.316585
25 5 64.084095
25 6 67.785636
25 7 60.262989
25 8 50.157901
25 9 53.136849
25 10 88.689504
25 11 67.612986
25 12 108.503311
25 13 63.350411
25 14 75.464268
25 15 61.557826
25 16 92.831305
25 17 104.077022
25 18 71.150195
25 19 78.509733
25 20 99.358128
25 21 13.881897
25 22 9.724705
25 23 6.176505
25 24 3.123672
25 25 0.000000
25 26 94.730870
25 27 154.349893
25 28 41.705320
25 29 40.401325
26 0 130.314547
26 1 125.337796
26 2 108.419170
26 3 81.275511
26 4 82.386643
26 5 85.969993
26 6 69.462820
26 7 70.969611
26 8 57.347808
26 9 92.312351
26 10 116.579688
26 11 59.617136
26 12 80.715572
26 13 65.548290
26 14 109.181175
26 15 99.537330
26 16 98.843003
26 17 85.811694
26 18 78.468607
26 19 103.824546
26 20 67.759354
26 21 122.776887
26 22 75.409996
26 23 9.714704
26 24 5.476193
26 25 3.034992
26 26 0.000000
26 27 49.953599
26 28 77.448556
26 29 143.434238
27 0 70.265764
27 1 112.544381
27 2 64.296287
27 3 79.745684
27 4 80.433859
27 5 86.160723
27 6 119.761978
27 7 60.079986
27 8 48.867575
27 9 96.897473
27 10 128.849349
27 11 4.827187
27 12 114.824354
27 13 49.537073
27 14 75.129039
27 15 74.938431
27 16 77.764462
27 17 89.308917
27 18 72.810193
27 19 92.275795
27 20 89.698546
27 21 116.663996
27 22 88.197157
27 23 94.462051
27 24 89.890784
27 25 5.783843
27 26 2.904695
27 27 0.000000
27 28 72.385476
27 29 98.305536
28 0 218.909395
28 1 80.065361
28 2 126.144481
28 3 77.836618
28 4 84.825952
28 5 109.695156
28 6 96.120268
28 7 45.494327
28 8 48.061235
28 9 84.108125
28 10 46.338732
28 11 106.465225
28 12 129.935068
28 13 64.052778
28 14 103.272369
28 15 90.750444
28 16 73.081684
28 17 77.397107
28 18 98.126146
28 19 46.366394
28 20 102.731067
28 21 67.992219
28 22 85.208516
28 23 98.996979
28 24 73.137755
28 25 66.673619
28 26 85.229294
28 27 2.804047
28 28 0.000000
28 29 38.265007
29 0 82.819367
29 1 225.718652
29 2 67.117455
29 3 111.384746
29 4 67.996628
29 5 71.368113
29 6 106.828587
29 7 87.264980
29 8 54.606223
29 9 52.495732
29 10 65.550339
29 11 98.172081
29 12 60.417505
29 13 81.872028
29 14 100.582830
29 15 64.137011
29 16 83.006214
29 17 69.839883
29 18 87.728592
29 19 60.478487
29 20 73.656645
29 21 57.516099
29 22 75.975510
29 23 64.877092
29 24 96.718720
29 25 79.958518
29 26 96.861669
29 27 78.950119
29 28 68.831298
29 29 0.000000
