0 0 0.000000
0 1 33.699339
0 2 31.712446
0 3 40.013967
0 4 33.448201
0 5 64.152217
0 6 34.511789
0 7 39.494202
0 8 82.174388
0 9 36.001219
0 10 36.934370
0 11 38.628876
0 12 55.909889
0 13 65.388365
0 14 38.702481
0 15 72.017582
0 16 60.936264
0 17 35.929517
0 18 38.268499
0 19 28.388613
0 20 27.371531
0 21 86.125339
0 22 19.141847
0 23 35.365723
0 24 34.158491
0 25 41.244563
0 26 34.491497
0 27 33.471824
0 28 16.229754
0 29 73.696765
1 0 40.674208
1 1 0.000000
1 2 20.026710
1 3 37.850630
1 4 37.896799
1 5 57.339576
1 6 27.293961
1 7 40.557985
1 8 39.228432
1 9 68.361799
1 10 55.617785
1 11 19.134206
1 12 68.186760
1 13 99.379315
1 14 44.418012
1 15 27.278163
1 16 37.612185
1 17 39.974305
1 18 59.438030
1 19 55.774948
1 20 38.848378
1 21 24.192581
1 22 54.040560
1 23 30.997280
1 24 26.915723
1 25 45.541255
1 26 38.624785
1 27 44.312894
1 28 10.052726
1 29 37.561660
2 0 17.605927
2 1 53.191095
2 2 0.000000
2 3 26.184942
2 4 7.555827
2 5 46.006570
2 6 58.602173
2 7 43.200165
2 8 49.891802
2 9 74.189511
2 10 82.027340
2 11 43.320860
2 12 45.636642
2 13 44.518195
2 14 34.758033
2 15 44.010430
2 16 51.710987
2 17 79.696438
2 18 8.276797
2 19 33.280599
2 20 38.614295
2 21 32.967090
2 22 23.787684
2 23 52.528933
2 24 30.578530
2 25 40.293427
2 26 35.451513
2 27 56.300138
2 28 21.798104
2 29 45.478295
3 0 11.274480
3 1 73.351999
3 2 86.668127
3 3 0.000000
3 4 19.507665
3 5 7.761409
3 6 50.974745
3 7 7.423448
3 8 27.170021
3 9 80.978936
3 10 7.065037
3 11 39.200568
3 12 27.230082
3 13 44.126647
3 14 37.368234
3 15 29.086108
3 16 31.668868
3 17 82.414163
3 18 29.191271
3 19 34.603756
3 20 16.794884
3 21 34.638764
3 22 30.133984
3 23 50.016743
3 24 31.140079
3 25 35.974972
3 26 46.315450
3 27 46.057342
3 28 46.168115
3 29 38.784794
4 0 8.721390
4 1 81.915200
4 2 55.755671
4 3 51.711624
4 4 0.000000
4 5 6.223732
4 6 83.556866
4 7 6.114707
4 8 44.189176
4 9 51.021872
4 10 5.817048
4 11 56.873461
4 12 31.875850
4 13 44.890794
4 14 44.930948
4 15 28.994722
4 16 26.466326
4 17 20.892442
4 18 34.255295
4 19 14.814214
4 20 76.649592
4 21 27.903615
4 22 29.086108
4 23 35.292963
4 24 65.708999
4 25 29.092362
4 26 76.307939
4 27 40.972204
4 28 77.487188
4 29 57.049449
5 0 7.641297
5 1 61.983109
5 2 8.423101
5 3 34.938849
5 4 30.452979
5 5 0.000000
5 6 25.983150
5 7 5.464293
5 8 24.524508
5 9 50.716791
5 10 6.842258
5 11 83.815675
5 12 21.823226
5 13 49.855034
5 14 34.001070
5 15 29.621314
5 16 44.123166
5 17 27.582764
5 18 18.798464
5 19 21.144215
5 20 24.929888
5 21 39.553793
5 22 1.972038
5 23 64.963509
5 24 69.799785
5 25 13.266145
5 26 34.042465
5 27 55.763084
5 28 24.186024
5 29 51.244727
6 0 6.162942
6 1 54.055534
6 2 9.539545
6 3 35.363337
6 4 40.578978
6 5 41.000440
6 6 0.000000
6 7 4.856458
6 8 19.266883
6 9 54.883104
6 10 5.194320
6 11 20.999134
6 12 23.171286
6 13 41.775104
6 14 36.452398
6 15 32.055271
6 16 42.897729
6 17 36.372579
6 18 21.103098
6 19 21.919368
6 20 69.753933
6 21 31.947717
6 22 2.071515
6 23 48.624256
6 24 71.141747
6 25 15.394879
6 26 79.017794
6 27 63.530809
6 28 19.330772
6 29 30.473556
7 0 5.334907
7 1 56.750338
7 2 9.860876
7 3 7.190763
7 4 15.712417
7 5 24.494861
7 6 48.996017
7 7 0.000000
7 8 12.608912
7 9 19.896417
7 10 6.919866
7 11 11.330506
7 12 70.597511
7 13 54.979505
7 14 25.924051
7 15 41.546067
7 16 49.075416
7 17 20.712050
7 18 37.461351
7 19 16.745333
7 20 49.307337
7 21 53.465700
7 22 1.933140
7 23 88.012087
7 24 58.342952
7 25 39.672015
7 26 27.314491
7 27 36.941689
7 28 84.411967
7 29 15.585169
8 0 4.925285
8 1 28.419004
8 2 10.329259
8 3 6.612133
8 4 22.435072
8 5 14.898831
8 6 37.803381
8 7 34.897570
8 8 0.000000
8 9 7.709997
8 10 12.002106
8 11 10.350173
8 12 48.061511
8 13 51.116698
8 14 46.140943
8 15 52.627799
8 16 37.709914
8 17 1.948228
8 18 33.533775
8 19 36.907233
8 20 55.413144
8 21 94.890535
8 22 11.094766
8 23 52.164067
8 24 56.203572
8 25 34.200688
8 26 42.528013
8 27 32.583572
8 28 32.766592
8 29 32.878580
9 0 4.480024
9 1 42.218941
9 2 10.524358
9 3 6.443358
9 4 21.316149
9 5 16.011361
9 6 29.253878
9 7 15.764978
9 8 13.809658
9 9 0.000000
9 10 7.829014
9 11 10.132001
9 12 43.733033
9 13 43.064217
9 14 16.583062
9 15 8.023161
9 16 82.198544
9 17 2.870535
9 18 22.996285
9 19 28.518809
9 20 64.506913
9 21 58.005684
9 22 14.885955
9 23 42.089300
9 24 58.588666
9 25 23.967931
9 26 43.884719
9 27 77.056557
9 28 22.351383
9 29 27.969019
10 0 3.998681
10 1 66.439157
10 2 10.767699
10 3 3.497232
10 4 13.811136
10 5 20.139168
10 6 15.182479
10 7 75.893713
10 8 59.841689
10 9 26.514511
10 10 0.000000
10 11 6.557247
10 12 80.155637
10 13 40.663167
10 14 21.083367
10 15 38.783001
10 16 10.355079
10 17 2.844756
10 18 19.572388
10 19 22.693626
10 20 58.319832
10 21 70.745762
10 22 16.799324
10 23 27.221688
10 24 1.981637
10 25 84.411117
10 26 44.635925
10 27 57.406676
10 28 76.845496
10 29 49.046148
11 0 3.502087
11 1 28.337977
11 2 17.618314
11 3 3.492000
11 4 15.339954
11 5 26.422061
11 6 8.191808
11 7 20.834481
11 8 35.446270
11 9 22.818879
11 10 24.025112
11 11 0.000000
11 12 23.440378
11 13 53.526426
11 14 24.773950
11 15 27.296093
11 16 11.007199
11 17 2.863682
11 18 13.684426
11 19 38.637950
11 20 40.045485
11 21 55.512888
11 22 20.812719
11 23 36.548325
11 24 1.980193
11 25 65.079427
11 26 57.990045
11 27 31.509586
11 28 71.753926
11 29 69.103466
12 0 3.401720
12 1 27.284374
12 2 13.634537
12 3 3.242023
12 4 18.363973
12 5 26.202281
12 6 8.747656
12 7 39.300476
12 8 26.444133
12 9 25.579392
12 10 24.327992
12 11 32.265987
12 12 0.000000
12 13 22.858550
12 14 19.127312
12 15 43.189489
12 16 12.312559
12 17 2.823893
12 18 5.472235
12 19 31.432370
12 20 30.181906
12 21 29.649477
12 22 24.859186
12 23 54.910048
12 24 2.060548
12 25 27.349668
12 26 72.054080
12 27 56.761090
12 28 92.136943
12 29 32.157633
13 0 3.188639
13 1 31.692438
13 2 13.169405
13 3 3.321872
13 4 16.597728
13 5 19.198491
13 6 8.587055
13 7 68.397472
13 8 28.944200
13 9 19.366028
13 10 24.452234
13 11 44.143366
13 12 43.208843
13 13 0.000000
13 14 15.016689
13 15 41.971581
13 16 13.046534
13 17 2.767692
13 18 5.267489
13 19 43.450332
13 20 33.162583
13 21 23.786605
13 22 26.015947
13 23 58.350663
13 24 2.635427
13 25 6.873058
13 26 52.316972
13 27 89.542478
13 28 23.056141
13 29 30.785238
14 0 2.922504
14 1 45.301709
14 2 11.392674
14 3 3.384950
14 4 15.366368
14 5 18.395949
14 6 9.376769
14 7 36.736713
14 8 42.405900
14 9 11.829453
14 10 38.157614
14 11 48.220922
14 12 29.396786
14 13 74.857515
14 14 0.000000
14 15 24.664759
14 16 13.157135
14 17 2.549909
14 18 6.364278
14 19 38.559448
14 20 20.967693
14 21 19.183081
14 22 75.226056
14 23 34.260332
14 24 2.753285
14 25 6.984349
14 26 28.113182
14 27 26.368905
14 28 38.085546
14 29 33.556714
15 0 2.846810
15 1 21.482756
15 2 12.161263
15 3 3.215232
15 4 18.270739
15 5 22.165111
15 6 8.838198
15 7 35.234113
15 8 81.225144
15 9 11.574709
15 10 33.672150
15 11 33.541954
15 12 46.166591
15 13 54.337401
15 14 60.865522
15 15 0.000000
15 16 11.449321
15 17 2.563644
15 18 5.765335
15 19 25.791579
15 20 24.734723
15 21 33.186198
15 22 30.350401
15 23 64.226384
15 24 2.734531
15 25 6.911668
15 26 28.220147
15 27 22.161715
15 28 33.125523
15 29 49.001741
16 0 2.680101
16 1 17.760434
16 2 15.904534
16 3 3.057841
16 4 17.364842
16 5 26.578021
16 6 9.032771
16 7 39.703937
16 8 58.674724
16 9 5.582978
16 10 67.781254
16 11 52.842291
16 12 89.707179
16 13 63.327933
16 14 91.569693
16 15 79.049068
16 16 0.000000
16 17 2.478758
16 18 5.687038
16 19 22.355254
16 20 21.254793
16 21 43.189489
16 22 23.772786
16 23 79.355665
16 24 2.824271
16 25 6.465308
16 26 34.335917
16 27 23.219839
16 28 36.757801
16 29 46.732932
17 0 2.495435
17 1 18.045334
17 2 19.119029
17 3 3.107277
17 4 11.064079
17 5 32.412350
17 6 9.191162
17 7 30.593696
17 8 2.053015
17 9 83.013607
17 10 54.562536
17 11 48.168866
17 12 59.990188
17 13 62.029400
17 14 23.965808
17 15 71.126064
17 16 70.397261
17 17 0.000000
17 18 4.929392
17 19 22.815218
17 20 31.397311
17 21 38.214456
17 22 19.052374
17 23 80.652713
17 24 2.920548
17 25 6.139806
17 26 40.582119
17 27 25.434591
17 28 34.145282
17 29 51.405194
18 0 2.343926
18 1 23.608335
18 2 17.808431
18 3 2.875218
18 4 11.157942
18 5 20.196237
18 6 11.452994
18 7 48.643993
18 8 2.041858
18 9 37.924897
18 10 41.980613
18 11 7.393033
18 12 25.753414
18 13 49.144705
18 14 70.901828
18 15 41.766784
18 16 62.770658
18 17 38.803094
18 18 0.000000
18 19 17.921925
18 20 20.471154
18 21 36.460161
18 22 25.961599
18 23 66.054112
18 24 2.940034
18 25 6.153574
18 26 24.534909
18 27 31.416125
18 28 38.229781
18 29 38.259423
19 0 2.158721
19 1 43.532408
19 2 5.920420
19 3 4.161999
19 4 7.509326
19 5 35.629040
19 6 11.121949
19 7 25.225710
19 8 2.182435
19 9 30.942855
19 10 36.113741
19 11 40.613949
19 12 7.520501
19 13 49.920899
19 14 83.826563
19 15 23.632012
19 16 56.834543
19 17 43.395936
19 18 71.184610
19 19 0.000000
19 20 12.922768
19 21 52.524329
19 22 34.583356
19 23 37.067710
19 24 3.012950
19 25 6.128896
19 26 14.631837
19 27 49.242502
19 28 41.381493
19 29 18.984893
20 0 2.030983
20 1 49.498489
20 2 5.960583
20 3 3.715520
20 4 11.129357
20 5 18.166401
20 6 14.920375
20 7 24.699328
20 8 2.195449
20 9 27.571341
20 10 33.874615
20 11 39.818901
20 12 6.798296
20 13 78.062609
20 14 32.657144
20 15 27.809630
20 16 39.699803
20 17 73.452839
20 18 39.444618
20 19 43.683386
20 20 0.000000
20 21 24.650626
20 22 28.614045
20 23 48.636942
20 24 3.014116
20 25 5.432428
20 26 22.618180
20 27 35.728892
20 28 36.328632
20 29 14.214799
21 0 1.969139
21 1 19.434449
21 2 6.342398
21 3 3.848135
21 4 10.852886
21 5 20.363665
21 6 12.861801
21 7 36.981264
21 8 2.240105
21 9 27.828727
21 10 28.956889
21 11 28.402550
21 12 6.581608
21 13 46.932164
21 14 22.552265
21 15 78.394542
21 16 57.958793
21 17 57.925575
21 18 35.359313
21 19 46.781929
21 20 69.366322
21 21 0.000000
21 22 19.989487
21 23 51.385356
21 24 3.013287
21 25 4.459084
21 26 47.107427
21 27 42.826989
21 28 30.461715
21 29 20.055965
22 0 1.809832
22 1 49.621466
22 2 5.512185
22 3 3.860935
22 4 10.910463
22 5 1.894036
22 6 19.308258
22 7 18.428360
22 8 64.514355
22 9 59.881844
22 10 43.112022
22 11 35.446121
22 12 6.766906
22 13 47.602772
22 14 55.596037
22 15 31.727559
22 16 33.192764
22 17 50.119243
22 18 77.108264
22 19 76.632787
22 20 50.827419
22 21 61.468964
22 22 0.000000
22 23 28.551520
22 24 2.956078
22 25 4.651626
22 26 26.651823
22 27 57.209357
22 28 40.317441
22 29 18.008145
23 0 1.716643
23 1 39.500339
23 2 6.007444
23 3 3.844578
23 4 10.159833
23 5 1.957649
23 6 18.923095
23 7 17.638245
23 8 41.013871
23 9 44.961051
23 10 35.996430
23 11 55.863721
23 12 7.217280
23 13 48.543219
23 14 34.175051
23 15 42.593009
23 16 44.089307
23 17 39.275267
23 18 60.344054
23 19 45.351181
23 20 66.140566
23 21 78.518552
23 22 68.772611
23 23 0.000000
23 24 2.827070
23 25 4.433135
23 26 33.668771
23 27 39.220913
23 28 44.231349
23 29 21.126430
24 0 1.614075
24 1 42.894000
24 2 5.951583
24 3 3.863653
24 4 12.081169
24 5 1.985338
24 6 17.434497
24 7 18.698360
24 8 32.288093
24 9 58.898424
24 10 1.922826
24 11 65.514503
24 12 54.561826
24 13 53.550345
24 14 73.226499
24 15 52.464213
24 16 89.022689
24 17 68.474520
24 18 69.771338
24 19 64.303680
24 20 66.495509
24 21 86.062603
24 22 39.437942
24 23 83.615167
24 24 0.000000
24 25 3.988243
24 26 30.889303
24 27 39.642768
24 28 76.535601
24 29 22.719194
25 0 1.564508
25 1 43.103162
25 2 5.939018
25 3 3.745423
25 4 11.038209
25 5 1.829014
25 6 26.266934
25 7 43.276385
25 8 44.376656
25 9 28.779755
25 10 2.001441
25 11 73.425193
25 12 7.017383
25 13 46.270998
25 14 83.230226
25 15 40.920837
25 16 51.221884
25 17 42.743628
25 18 73.273191
25 19 85.003881
25 20 28.599705
25 21 17.562579
25 22 81.551267
25 23 40.537993
25 24 35.049650
25 25 0.000000
25 26 22.830369
25 27 42.660157
25 28 43.910218
25 29 29.436088
26 0 1.502718
26 1 34.381655
26 2 5.986954
26 3 3.877805
26 4 12.302483
26 5 1.777006
26 6 37.234546
26 7 28.302315
26 8 54.773446
26 9 32.936672
26 10 2.011260
26 11 74.091221
26 12 7.248217
26 13 35.474301
26 14 40.332173
26 15 48.978566
26 16 50.035836
26 17 62.794152
26 18 37.666228
26 19 21.809439
26 20 82.079510
26 21 29.911456
26 22 38.171852
26 23 58.035380
26 24 39.329404
26 25 54.931982
26 26 0.000000
26 27 28.651183
26 28 44.462979
26 29 26.784064
27 0 1.425842
27 1 77.453562
27 2 6.015525
27 3 3.289837
27 4 25.446859
27 5 1.801231
27 6 44.970933
27 7 18.898241
27 8 48.514302
27 9 64.169392
27 10 1.996410
27 11 50.727832
27 12 7.567244
27 13 47.058274
27 14 21.349350
27 15 34.433590
27 16 55.205644
27 17 70.578503
27 18 43.241585
27 19 31.257156
27 20 59.650627
27 21 38.879347
27 22 37.584885
27 23 48.349604
27 24 35.529142
27 25 73.097605
27 26 76.110619
27 27 0.000000
27 28 29.292696
27 29 27.058106
28 0 1.288715
28 1 30.275040
28 2 8.522661
28 3 4.301700
28 4 12.594373
28 5 1.696699
28 6 36.095093
28 7 65.575448
28 8 23.833236
28 9 38.132983
28 10 2.153622
28 11 35.012784
28 12 8.063504
28 13 18.261114
28 14 26.283476
28 15 37.549050
28 16 74.526320
28 17 86.351413
28 18 41.584787
28 19 31.412948
28 20 51.365533
28 21 35.489159
28 22 54.399419
28 23 43.900566
28 24 61.201678
28 25 48.727349
28 26 71.675450
28 27 71.545241
28 28 0.000000
28 29 20.743446
29 0 1.291002
29 1 14.386028
29 2 9.739857
29 3 4.276500
29 4 12.868430
29 5 1.716776
29 6 21.986759
29 7 23.447257
29 8 72.263880
29 9 33.296187
29 10 2.209711
29 11 48.825764
29 12 7.109074
29 13 19.498279
29 14 22.137736
29 15 83.144432
29 16 63.083150
29 17 69.982631
29 18 37.072133
29 19 12.894303
29 20 56.702771
29 21 79.623061
29 22 48.689168
29 23 74.382259
29 24 85.968231
29 25 66.911342
29 26 75.804556
29 27 73.729800
29 28 71.167097
29 29 0.000000
