0 0 0.000000
0 1 82.639871
0 2 72.901311
0 3 54.758071
0 4 71.658307
0 5 71.169512
0 6 79.928805
0 7 71.914477
0 8 85.308167
0 9 88.322520
0 10 30.030530
0 11 65.378173
0 12 50.650952
0 13 51.910024
0 14 41.379452
0 15 47.527793
0 16 47.767580
0 17 42.871859
0 18 53.657901
0 19 63.403560
0 20 24.897183
0 21 73.378948
0 22 52.722398
0 23 54.855469
0 24 52.364653
0 25 61.016933
0 26 82.074692
0 27 66.721877
0 28 48.660642
0 29 48.232567
1 0 62.834132
1 1 0.000000
1 2 32.139522
1 3 85.731888
1 4 48.253930
1 5 70.971412
1 6 42.396256
1 7 45.545705
1 8 7.428872
1 9 84.179023
1 10 71.613649
1 11 26.831439
1 12 27.175478
1 13 49.785797
1 14 31.957576
1 15 89.481349
1 16 26.634814
1 17 37.991712
1 18 42.271063
1 19 28.558324
1 20 47.449025
1 21 48.337903
1 22 37.501209
1 23 33.681208
1 24 26.470252
1 25 16.371434
1 26 75.225382
1 27 37.364572
1 28 45.937036
1 29 24.611427
2 0 34.534237
2 1 51.427570
2 2 0.000000
2 3 30.449331
2 4 76.098881
2 5 73.442549
2 6 47.920390
2 7 38.793762
2 8 25.989832
2 9 9.289185
2 10 40.344976
2 11 33.087240
2 12 27.002623
2 13 57.320378
2 14 35.781776
2 15 26.065015
2 16 90.954125
2 17 28.109508
2 18 44.679670
2 19 24.644832
2 20 33.759555
2 21 29.725228
2 22 29.643610
2 23 21.826917
2 24 38.793045
2 25 23.936266
2 26 33.414093
2 27 25.529802
2 28 44.056427
2 29 51.227515
3 0 20.574484
3 1 84.286441
3 2 48.569357
3 3 0.000000
3 4 29.020401
3 5 46.526351
3 6 36.621721
3 7 55.344413
3 8 40.034782
3 9 8.161450
3 10 90.021978
3 11 22.995781
3 12 22.257739
3 13 42.836830
3 14 23.024499
3 15 91.125054
3 16 22.733047
3 17 41.453270
3 18 31.060636
3 19 36.012656
3 20 32.780805
3 21 25.562866
3 22 27.059502
3 23 23.828294
3 24 26.089902
3 25 24.218493
3 26 58.963007
3 27 23.972862
3 28 56.105836
3 29 44.774824
4 0 17.188467
4 1 45.977320
4 2 75.306420
4 3 56.582294
4 4 0.000000
4 5 25.185418
4 6 36.773915
4 7 57.175043
4 8 26.538921
4 9 8.793735
4 10 48.605379
4 11 34.105578
4 12 21.852618
4 13 29.648639
4 14 27.573697
4 15 32.858232
4 16 37.142222
4 17 25.901238
4 18 48.974849
4 19 51.065355
4 20 26.947282
4 21 31.470340
4 22 17.654764
4 23 44.269163
4 24 20.992407
4 25 24.223599
4 26 25.365067
4 27 41.072106
4 28 99.268768
4 29 69.174127
5 0 13.782635
5 1 45.353878
5 2 63.706915
5 3 34.684882
5 4 69.964537
5 5 0.000000
5 6 24.875182
5 7 57.335657
5 8 20.753813
5 9 8.408755
5 10 36.871706
5 11 8.192752
5 12 54.253059
5 13 51.083080
5 14 12.868963
5 15 26.586107
5 16 35.140094
5 17 41.943250
5 18 34.441932
5 19 70.433317
5 20 68.043510
5 21 52.616575
5 22 26.292868
5 23 45.584811
5 24 32.448961
5 25 53.431305
5 26 24.993990
5 27 33.814397
5 28 79.928043
5 29 73.309050
6 0 11.554604
6 1 33.695278
6 2 76.424037
6 3 26.309773
6 4 86.815226
6 5 74.194104
6 6 0.000000
6 7 30.867139
6 8 6.619364
6 9 50.493328
6 10 24.697801
6 11 8.548534
6 12 47.634939
6 13 27.120566
6 14 15.790737
6 15 20.534193
6 16 24.170832
6 17 90.768119
6 18 73.203494
6 19 42.542248
6 20 24.666500
6 21 19.063632
6 22 79.215532
6 23 79.742652
6 24 34.870298
6 25 24.145855
6 26 30.546572
6 27 36.792140
6 28 21.203111
6 29 26.529605
7 0 9.986379
7 1 23.413031
7 2 87.200574
7 3 36.654365
7 4 78.698289
7 5 66.795194
7 6 76.249675
7 7 0.000000
7 8 13.270888
7 9 8.780334
7 10 14.561179
7 11 12.061418
7 12 25.805940
7 13 48.265591
7 14 9.743727
7 15 40.134768
7 16 22.029313
7 17 40.610803
7 18 23.533098
7 19 32.848324
7 20 19.802294
7 21 46.510099
7 22 18.108479
7 23 15.683628
7 24 72.376732
7 25 81.711731
7 26 71.138128
7 27 77.483609
7 28 70.097836
7 29 77.906738
8 0 8.759265
8 1 17.358769
8 2 46.861376
8 3 50.386872
8 4 54.104693
8 5 40.546615
8 6 42.500433
8 7 44.796104
8 8 0.000000
8 9 7.427300
8 10 11.860160
8 11 17.837400
8 12 20.178990
8 13 7.167986
8 14 28.642672
8 15 26.545808
8 16 37.091639
8 17 39.644455
8 18 36.351144
8 19 2.044619
8 20 48.926575
8 21 74.413931
8 22 37.806277
8 23 45.895064
8 24 44.575917
8 25 65.215020
8 26 23.893382
8 27 28.299164
8 28 42.197279
8 29 42.808194
9 0 7.816728
9 1 6.136846
9 2 77.761578
9 3 35.845688
9 4 76.566338
9 5 30.747775
9 6 46.380750
9 7 63.554875
9 8 48.405962
9 9 0.000000
9 10 8.713581
9 11 17.427289
9 12 30.287392
9 13 14.121950
9 14 8.958379
9 15 22.316775
9 16 31.402012
9 17 28.887087
9 18 28.397262
9 19 2.179327
9 20 62.985576
9 21 31.793456
9 22 39.069844
9 23 76.340577
9 24 32.866986
9 25 20.716756
9 26 91.837358
9 27 25.473519
9 28 31.362565
9 29 30.614129
10 0 6.079089
10 1 7.427537
10 2 38.384596
10 3 65.399071
10 4 38.181060
10 5 24.373868
10 6 34.771288
10 7 22.386755
10 8 29.396992
10 9 26.810429
10 10 0.000000
10 11 11.182470
10 12 17.968183
10 13 26.703916
10 14 8.494354
10 15 42.986979
10 16 21.418525
10 17 29.445180
10 18 22.098895
10 19 2.288526
10 20 59.781984
10 21 17.763969
10 22 53.555815
10 23 50.770201
10 24 60.811692
10 25 22.069767
10 26 28.844574
10 27 42.224254
10 28 48.514583
10 29 41.066275
11 0 5.846347
11 1 6.238864
11 2 42.491391
11 3 35.344563
11 4 8.486319
11 5 33.467951
11 6 50.226674
11 7 68.693767
11 8 85.805550
11 9 30.422607
11 10 25.859319
11 11 0.000000
11 12 13.029309
11 13 28.700883
11 14 8.120722
11 15 33.271887
11 16 32.200220
11 17 20.815250
11 18 13.414325
11 19 2.474475
11 20 26.998278
11 21 66.865474
11 22 31.704416
11 23 29.926929
11 24 23.778177
11 25 33.390020
11 26 28.772648
11 27 43.442906
11 28 73.468922
11 29 51.608864
12 0 5.198710
12 1 5.662018
12 2 43.621826
12 3 26.411163
12 4 66.616435
12 5 10.196275
12 6 29.706386
12 7 31.954289
12 8 52.844621
12 9 81.043871
12 10 15.908998
12 11 48.611294
12 12 0.000000
12 13 12.917475
12 14 7.573714
12 15 27.241312
12 16 48.853061
12 17 23.557749
12 18 18.092193
12 19 2.489737
12 20 30.385360
12 21 26.456477
12 22 26.561190
12 23 32.735137
12 24 20.396145
12 25 29.513658
12 26 84.087048
12 27 28.726044
12 28 63.254871
12 29 54.794913
13 0 4.723525
13 1 5.365780
13 2 75.870375
13 3 26.757750
13 4 33.440200
13 5 11.016927
13 6 30.828796
13 7 43.460687
13 8 30.068743
13 9 21.560388
13 10 30.037949
13 11 40.566811
13 12 24.557821
13 13 0.000000
13 14 6.806427
13 15 24.894523
13 16 70.222237
13 17 16.769770
13 18 20.635421
13 19 2.574411
13 20 19.799863
13 21 36.282279
13 22 27.209944
13 23 32.511464
13 24 18.494627
13 25 28.958488
13 26 35.552933
13 27 39.404966
13 28 59.461202
13 29 56.149400
14 0 2.675725
14 1 19.458252
14 2 84.131745
14 3 17.627237
14 4 8.075116
14 5 34.960837
14 6 32.238582
14 7 19.532875
14 8 13.852485
14 9 45.098103
14 10 37.836801
14 11 27.801519
14 12 18.527019
14 13 85.385448
14 14 0.000000
14 15 17.110075
14 16 84.674399
14 17 13.835122
14 18 17.046967
14 19 2.739139
14 20 15.697363
14 21 43.276385
14 22 26.624839
14 23 27.468689
14 24 16.287389
14 25 36.349568
14 26 39.501455
14 27 25.256089
14 28 87.768061
14 29 50.530435
15 0 3.938249
15 1 5.398551
15 2 26.124434
15 3 33.486388
15 4 25.283798
15 5 7.235064
15 6 24.710241
15 7 36.661253
15 8 11.119532
15 9 49.809150
15 10 76.889871
15 11 29.205194
15 12 16.676921
15 13 51.920306
15 14 58.274861
15 15 0.000000
15 16 39.212846
15 17 5.553086
15 18 69.803270
15 19 3.194267
15 20 15.716921
15 21 41.836983
15 22 28.211416
15 23 24.758302
15 24 16.602951
15 25 42.887640
15 26 56.861510
15 27 25.509152
15 28 54.082717
15 29 70.926407
16 0 3.616542
16 1 5.155143
16 2 56.162933
16 3 16.022309
16 4 52.942341
16 5 7.357318
16 6 19.348161
16 7 24.319740
16 8 14.249836
16 9 29.813335
16 10 43.780279
16 11 62.178368
16 12 21.996906
16 13 61.797721
16 14 63.161046
16 15 75.010131
16 16 0.000000
16 17 8.764747
16 18 10.630157
16 19 3.192722
16 20 13.255140
16 21 28.237816
16 22 41.804667
16 23 21.775696
16 24 1.941757
16 25 54.127036
16 26 59.199774
16 27 50.944717
16 28 78.407732
16 29 78.451729
17 0 3.353526
17 1 4.975193
17 2 46.601824
17 3 17.063542
17 4 29.497468
17 5 8.532630
17 6 21.582077
17 7 23.750171
17 8 13.191543
17 9 27.870981
17 10 32.430144
17 11 26.777053
17 12 30.470346
17 13 40.215773
17 14 31.406950
17 15 28.412651
17 16 46.559922
17 17 0.000000
17 18 9.168369
17 19 3.143572
17 20 8.093214
17 21 38.878987
17 22 79.017794
17 23 72.979955
17 24 1.917951
17 25 28.185064
17 26 57.249962
17 27 45.983621
17 28 52.422575
17 29 49.794071
18 0 3.143026
18 1 4.844672
18 2 55.848844
18 3 15.963614
18 4 43.567000
18 5 7.244712
18 6 42.507971
18 7 12.885489
18 8 17.841497
18 9 20.564548
18 10 28.673610
18 11 20.674276
18 12 29.912309
18 13 45.178498
18 14 25.443154
18 15 13.165870
18 16 76.319741
18 17 74.541551
18 18 0.000000
18 19 2.907831
18 20 7.380596
18 21 52.419299
18 22 72.055936
18 23 82.743394
18 24 1.876122
18 25 50.095298
18 26 43.705463
18 27 39.539438
18 28 47.280007
18 29 43.030198
19 0 2.954006
19 1 4.446362
19 2 47.120658
19 3 21.115794
19 4 57.697680
19 5 8.036920
19 6 23.773325
19 7 12.885687
19 8 1.952881
19 9 44.210602
19 10 70.215184
19 11 37.479260
19 12 47.699947
19 13 68.379074
19 14 70.815638
19 15 50.788029
19 16 65.872568
19 17 49.579820
19 18 48.822354
19 19 0.000000
19 20 6.481944
19 21 1.957346
19 22 8.145782
19 23 48.036466
19 24 82.404448
19 25 60.292008
19 26 51.450280
19 27 50.941314
19 28 79.483490
19 29 69.143907
20 0 2.647640
20 1 4.825296
20 2 28.598925
20 3 22.010123
20 4 46.480978
20 5 9.590630
20 6 16.079710
20 7 10.452521
20 8 2.083853
20 9 91.130994
20 10 58.267575
20 11 19.560567
20 12 93.826007
20 13 29.824677
20 14 33.190925
20 15 51.757569
20 16 27.187632
20 17 16.555211
20 18 35.524327
20 19 44.750938
20 20 0.000000
20 21 1.905752
20 22 35.464703
20 23 8.276699
20 24 44.144063
20 25 48.036741
20 26 86.592976
20 27 73.178589
20 28 69.018183
20 29 68.420345
21 0 2.571529
21 1 4.661213
21 2 22.365268
21 3 18.615620
21 4 46.172689
21 5 11.168356
21 6 10.142684
21 7 16.978513
21 8 2.123030
21 9 28.996827
21 10 27.892296
21 11 79.374437
21 12 30.954273
21 13 43.251618
21 14 42.125232
21 15 38.119120
21 16 28.993419
21 17 15.780756
21 18 36.959268
21 19 1.970815
21 20 66.634427
21 21 0.000000
21 22 1.947883
21 23 71.932360
21 24 76.264233
21 25 54.056579
21 26 81.769876
21 27 35.920901
21 28 68.005999
21 29 71.875042
22 0 2.454202
22 1 4.447210
22 2 20.743702
22 3 14.622375
22 4 35.325512
22 5 14.320383
22 6 13.927185
22 7 10.234928
22 8 2.238668
22 9 28.258743
22 10 32.740120
22 11 45.062975
22 12 23.266531
22 13 50.452633
22 14 43.094083
22 15 43.060459
22 16 39.016781
22 17 20.228965
22 18 33.220500
22 19 1.952336
22 20 41.036744
22 21 2.058973
22 22 0.000000
22 23 35.060344
22 24 49.266506
22 25 40.452760
22 26 60.167464
22 27 47.198870
22 28 51.018769
22 29 51.061936
23 0 2.358010
23 1 4.246046
23 2 12.356467
23 3 23.618505
23 4 69.810822
23 5 13.174845
23 6 16.966700
23 7 6.352980
23 8 2.510623
23 9 41.304676
23 10 24.713881
23 11 24.425322
23 12 36.270043
23 13 33.617094
23 14 33.406508
23 15 49.322993
23 16 29.952789
23 17 66.289525
23 18 33.720743
23 19 1.600634
23 20 53.504918
23 21 2.631505
23 22 75.145191
23 23 0.000000
23 24 21.912440
23 25 41.750778
23 26 51.141006
23 27 38.455157
23 28 55.485716
23 29 47.517294
24 0 2.250798
24 1 4.010692
24 2 16.608737
24 3 14.953089
24 4 38.133330
24 5 19.113061
24 6 16.744230
24 7 7.269126
24 8 2.412422
24 9 37.468714
24 10 34.639336
24 11 16.622955
24 12 21.283375
24 13 31.179896
24 14 30.033970
24 15 37.738754
24 16 2.066981
24 17 46.233510
24 18 26.326700
24 19 9.187739
24 20 38.969836
24 21 2.684106
24 22 41.560682
24 23 50.663800
24 24 0.000000
24 25 25.217747
24 26 34.616608
24 27 57.359964
24 28 37.100498
24 29 39.902999
25 0 2.170070
25 1 3.374665
25 2 34.196227
25 3 13.356912
25 4 39.467259
25 5 31.098289
25 6 12.332942
25 7 8.838561
25 8 2.391944
25 9 16.756070
25 10 47.088653
25 11 22.211064
25 12 19.421806
25 13 30.301067
25 14 38.850717
25 15 50.007499
25 16 2.071817
25 17 26.718290
25 18 41.782387
25 19 10.127475
25 20 27.210650
25 21 2.720464
25 22 36.746369
25 23 39.822681
25 24 82.718100
25 25 0.000000
25 26 23.843940
25 27 51.138200
25 28 26.548244
25 29 43.391895
26 0 2.117019
26 1 3.334587
26 2 20.149617
26 3 18.162900
26 4 19.022693
26 5 37.070003
26 6 14.175142
26 7 10.278645
26 8 2.246090
26 9 29.484923
26 10 21.259372
26 11 20.592768
26 12 47.650091
26 13 21.356960
26 14 42.733612
26 15 81.869631
26 16 2.071088
26 17 25.727980
26 18 38.165773
26 19 9.852433
26 20 38.725887
26 21 2.700066
26 22 31.568520
26 23 38.187839
26 24 51.171890
26 25 66.958876
26 26 0.000000
26 27 25.085325
26 28 26.603138
26 29 42.254455
27 0 2.050700
27 1 3.273321
27 2 12.598875
27 3 20.615389
27 4 37.453323
27 5 25.213200
27 6 13.349047
27 7 13.100138
27 8 2.156410
27 9 25.545740
27 10 30.064863
27 11 24.410182
27 12 25.797052
27 13 30.758598
27 14 23.599833
27 15 76.380198
27 16 2.164761
27 17 24.463501
27 18 34.549741
27 19 10.506313
27 20 45.534086
27 21 2.589921
27 22 43.361167
27 23 30.601174
27 24 73.723968
27 25 68.318929
27 26 59.348040
27 27 0.000000
27 28 16.123598
27 29 56.389454
28 0 1.975324
28 1 3.242767
28 2 13.593442
28 3 18.394013
28 4 54.160934
28 5 25.542007
28 6 9.669743
28 7 21.470879
28 8 2.108791
28 9 22.883306
28 10 38.009787
28 11 28.061458
28 12 23.491250
28 13 26.919178
29 0 1.878281
29 1 3.134643
29 2 17.483952
29 3 18.651547
29 4 89.965981
29 5 25.666500
28 14 30.064217
28 15 50.591689
28 16 2.202637
29 6 7.436030
29 7 55.125107
29 8 2.069978
29 9 18.476500
29 10 78.001637
29 11 28.681061
29 12 23.690342
29 13 31.348501
28 17 20.580491
28 18 27.389137
28 19 12.321801
29 14 26.725696
29 15 77.476453
29 16 2.195622
28 20 42.494620
28 21 2.626175
28 22 30.008936
29 17 18.116457
29 18 27.774732
29 19 13.165891
28 23 35.044525
28 24 39.958501
29 20 42.835081
29 21 2.613834
29 22 26.418982
28 25 41.932766
28 26 53.267767
29 23 32.434532
29 24 35.456758
28 27 40.425858
28 28 0.000000
28 29 34.407321
29 25 45.710001
29 26 43.747630
29 27 68.113677
29 28 78.306726
29 29 0.000000
