0 0 0.000000
0 1 32.692399
0 2 39.335859
0 3 36.188991
0 4 38.381259
0 5 37.169048
0 6 59.392580
0 7 58.673083
0 8 92.544548
0 9 41.324821
0 10 22.685893
0 11 75.575768
0 12 26.413824
0 13 24.830709
0 14 25.774937
0 15 20.251381
0 16 21.247741
0 17 45.651792
0 18 36.262830
0 19 35.869599
0 20 36.019305
0 21 45.918679
0 22 51.425993
0 23 27.585394
0 24 33.238533
0 25 30.888620
0 26 21.397327
0 27 20.141102
0 28 29.259184
0 29 27.991511
1 0 32.885153
1 1 0.000000
1 2 20.078431
1 3 49.652011
1 4 37.744358
1 5 37.993949
1 6 37.746396
1 7 51.780252
1 8 42.907603
1 9 31.788516
1 10 49.050450
1 11 29.026325
1 12 45.177768
1 13 25.576896
1 14 21.112127
1 15 40.418456
1 16 15.444083
1 17 30.518234
1 18 25.739506
1 19 39.692477
1 20 34.107242
1 21 31.855635
1 22 23.066411
1 23 21.610766
1 24 43.663377
1 25 50.785877
1 26 24.215977
1 27 29.470110
1 28 30.866344
1 29 29.033559
2 0 15.950956
2 1 46.184637
2 2 0.000000
2 3 22.994079
2 4 47.020291
2 5 27.703095
2 6 70.823410
2 7 39.105542
2 8 31.131643
2 9 64.050822
2 10 31.255991
2 11 27.506880
2 12 42.300052
2 13 35.804074
2 14 24.899400
2 15 16.710774
2 16 28.430562
2 17 17.954915
2 18 22.789185
2 19 30.925516
2 20 28.404762
2 21 30.703659
2 22 25.611568
2 23 23.970465
2 24 39.427562
2 25 60.660419
2 26 36.606539
2 27 29.708911
2 28 40.981611
2 29 30.066264
3 0 11.755270
3 1 56.981632
3 2 49.037834
3 3 0.000000
3 4 21.813068
3 5 33.635696
3 6 45.600174
3 7 29.940067
3 8 68.095983
3 9 29.911456
3 10 50.485123
3 11 20.324588
3 12 28.930225
3 13 31.741365
3 14 29.274704
3 15 29.689984
3 16 17.957682
3 17 18.737286
3 18 21.808078
3 19 31.051897
3 20 26.411496
3 21 30.835482
3 22 25.365603
3 23 19.023512
3 24 26.832898
3 25 25.892364
3 26 31.801532
3 27 30.946965
3 28 51.708756
3 29 65.448054
4 0 8.969893
4 1 48.485700
4 2 71.382688
4 3 45.370313
4 4 0.000000
4 5 21.930543
4 6 27.293517
4 7 44.212932
4 8 45.825365
4 9 43.851455
4 10 36.406993
4 11 20.842919
4 12 33.636775
4 13 19.178169
4 14 29.831041
4 15 44.267995
4 16 13.151257
4 17 19.897833
4 18 27.301334
4 19 39.822870
4 20 29.991019
4 21 23.978139
4 22 18.179353
4 23 23.515418
4 24 26.635237
4 25 28.525694
4 26 57.814192
4 27 25.993133
4 28 72.835481
4 29 53.799338
5 0 6.905477
5 1 44.909780
5 2 70.494874
5 3 39.987644
5 4 57.618815
5 5 0.000000
5 6 19.561343
5 7 47.656047
5 8 27.177855
5 9 65.476662
5 10 33.880772
5 11 21.786555
5 12 31.911865
5 13 15.646652
5 14 55.888285
5 15 28.374017
5 16 15.296290
5 17 18.371736
5 18 31.664206
5 19 54.601958
5 20 18.814613
5 21 28.844277
5 22 15.172565
5 23 27.129337
5 24 36.381098
5 25 28.389766
5 26 35.749143
5 27 41.872694
5 28 47.103724
5 29 54.366983
6 0 6.029591
6 1 49.176973
6 2 54.278334
6 3 30.367981
6 4 60.866405
6 5 59.629002
6 6 0.000000
6 7 22.409301
6 8 23.233280
6 9 50.643613
6 10 41.580458
6 11 23.855399
6 12 39.330695
6 13 13.981107
6 14 29.578596
6 15 34.653359
6 16 10.125690
6 17 58.515918
6 18 35.404531
6 19 22.031916
6 20 26.994890
6 21 21.734623
6 22 27.203943
6 23 29.668143
6 24 17.027451
6 25 24.340204
6 26 20.146714
6 27 32.776194
6 28 35.510041
6 29 55.374736
7 0 5.671151
7 1 37.309233
7 2 65.034019
7 3 26.601451
7 4 58.885607
7 5 49.694367
7 6 65.865327
7 7 0.000000
7 8 13.507355
7 9 51.442392
7 10 25.642571
7 11 38.319544
7 12 51.994645
7 13 11.043106
7 14 30.818263
7 15 39.793401
7 16 11.266833
7 17 42.847990
7 18 26.421478
7 19 36.042209
7 20 19.560431
7 21 25.370820
7 22 22.003483
7 23 20.849136
7 24 35.528690
7 25 30.736509
7 26 16.803429
7 27 34.253757
7 28 26.608201
7 29 36.736070
8 0 5.131702
8 1 23.501978
8 2 56.574280
8 3 43.986660
8 4 37.847897
8 5 40.093909
8 6 33.425010
8 7 37.128906
8 8 0.000000
8 9 23.732030
8 10 21.811934
8 11 61.016933
8 12 43.602553
8 13 9.308760
8 14 26.865554
8 15 30.489394
8 16 14.304485
8 17 22.091562
8 18 17.998369
8 19 37.425752
8 20 37.287342
8 21 61.795445
8 22 18.260876
8 23 19.240633
8 24 46.920351
8 25 56.400828
8 26 14.257320
8 27 33.958676
8 28 24.324677
8 29 34.240893
9 0 4.711378
9 1 20.137234
9 2 53.161094
9 3 37.999456
9 4 42.985877
9 5 43.107813
9 6 39.492900
9 7 41.599429
9 8 34.711864
9 9 0.000000
9 10 14.274788
9 11 37.738924
9 12 64.955461
9 13 8.393073
9 14 31.053277
9 15 27.869870
9 16 15.674719
9 17 18.806851
9 18 16.183227
9 19 44.962737
9 20 61.079132
9 21 37.122334
9 22 16.106663
9 23 20.288802
9 24 38.134196
9 25 31.401072
9 26 39.926740
9 27 21.156854
9 28 37.330485
9 29 33.554969
10 0 4.045260
10 1 45.155395
10 2 32.488799
10 3 48.953128
10 4 63.076035
10 5 29.883325
10 6 26.249180
10 7 34.885669
10 8 33.320390
10 9 42.376124
10 10 0.000000
10 11 14.966722
10 12 34.102805
10 13 10.042773
10 14 21.308622
10 15 78.254860
10 16 12.349846
10 17 14.233999
10 18 22.491495
10 19 29.765836
10 20 32.509952
10 21 27.680790
10 22 18.265170
10 23 27.805205
10 24 63.894705
10 25 30.845914
10 26 36.546573
10 27 26.045430
10 28 45.553620
10 29 71.145368
11 0 3.691883
11 1 23.545516
11 2 32.567506
11 3 31.144126
11 4 44.554845
11 5 42.962101
11 6 45.965983
11 7 32.762881
11 8 66.961014
11 9 26.000546
11 10 35.699242
11 11 0.000000
11 12 17.927441
11 13 7.390662
11 14 25.224041
11 15 25.922769
11 16 28.397839
11 17 13.946426
11 18 16.120158
11 19 43.998657
11 20 39.928260
11 21 53.865667
11 22 10.462899
11 23 30.163999
11 24 32.322057
11 25 30.825058
11 26 37.488640
11 27 33.881319
11 28 42.061654
11 29 47.239537
12 0 3.387245
12 1 26.705786
12 2 37.326499
12 3 24.932259
12 4 34.693489
12 5 69.798043
12 6 67.225029
12 7 38.968207
12 8 33.156553
12 9 42.290669
12 10 20.310613
12 11 50.350580
12 12 0.000000
12 13 5.494256
12 14 36.103016
12 15 21.419837
12 16 36.012501
12 17 14.506035
12 18 12.771859
12 19 37.302597
12 20 52.657862
12 21 34.011547
12 22 14.501421
12 23 26.139250
12 24 31.871127
12 25 35.563635
12 26 68.151306
12 27 37.176954
12 28 37.241654
12 29 44.139417
13 0 2.923569
13 1 31.726959
13 2 79.347408
13 3 18.569220
13 4 35.454810
13 5 27.824020
13 6 33.085935
13 7 27.140923
13 8 26.484877
13 9 27.785312
13 10 19.303504
13 11 20.710567
13 12 27.264067
13 13 0.000000
13 14 18.421602
13 15 15.732691
13 16 87.967785
13 17 10.675789
13 18 12.755856
13 19 51.894289
13 20 32.168855
13 21 40.482434
13 22 18.675881
13 23 54.979866
13 24 23.965260
13 25 30.942398
13 26 42.307733
13 27 33.856158
13 28 46.118620
13 29 55.619997
14 0 2.598202
14 1 30.694222
14 2 76.424037
14 3 19.577230
14 4 32.190581
14 5 33.354306
14 6 39.250459
14 7 19.805753
14 8 23.305314
14 9 34.163360
14 10 20.121584
14 11 21.329428
14 12 27.802994
14 13 73.025698
14 14 0.000000
14 15 9.945519
14 16 92.515970
14 17 8.470159
14 18 0.494934
14 19 48.071150
14 20 49.479804
14 21 46.381776
14 22 44.208272
14 23 28.160275
14 24 51.628557
14 25 50.606950
14 26 43.747173
14 27 38.812429
14 28 41.757636
14 29 45.660737
15 0 2.365614
15 1 76.664303
15 2 19.398496
15 3 89.377429
15 4 37.817867
15 5 23.732567
15 6 30.278537
15 7 29.451487
15 8 19.071260
15 9 29.575258
15 10 32.100903
15 11 13.284380
15 12 32.750090
15 13 25.147517
15 14 31.333044
15 15 0.000000
15 16 21.245588
15 17 7.779706
15 18 0.500960
15 19 51.603150
15 20 50.563024
15 21 47.297068
15 22 24.618216
15 23 25.209184
15 24 48.599184
15 25 27.482728
15 26 44.679194
15 27 42.839237
15 28 55.661332
15 29 48.016119
16 0 2.135290
16 1 28.656664
16 2 74.860855
16 3 22.578427
16 4 31.002321
16 5 27.503272
16 6 17.415313
16 7 31.921579
16 8 28.548605
16 9 28.551326
16 10 28.452935
16 11 37.171683
16 12 24.429803
16 13 49.565172
16 14 28.419389
16 15 43.100725
16 16 0.000000
16 17 5.756046
16 18 0.504978
16 19 42.947144
16 20 50.723231
16 21 48.511497
16 22 19.216127
16 23 33.929557
16 24 33.581835
16 25 36.952267
16 26 46.548554
16 27 36.239018
16 28 57.903584
16 29 55.727891
17 0 1.969129
17 1 28.625763
17 2 19.658343
17 3 32.549815
17 4 27.494979
17 5 29.854822
17 6 55.968828
17 7 27.030728
17 8 19.379853
17 9 19.484647
17 10 21.372467
17 11 28.192832
17 12 35.171771
17 13 16.699064
17 14 19.316662
17 15 23.702257
17 16 29.545259
17 17 0.000000
17 18 0.500910
17 19 36.477918
17 20 25.081950
17 21 29.589029
17 22 56.557497
17 23 41.901139
17 24 28.187148
17 25 22.162066
17 26 46.794716
17 27 38.731430
17 28 49.391239
17 29 41.359866
18 0 1.866079
18 1 23.994874
18 2 21.400384
18 3 27.384041
18 4 31.141351
18 5 29.618699
18 6 81.146572
18 7 22.864719
18 8 11.314185
18 9 29.051255
18 10 21.728768
18 11 21.117654
18 12 21.875412
18 13 21.987796
18 14 0.500598
18 15 51.730439
18 16 48.388371
18 17 63.861628
18 18 0.000000
18 19 13.193120
18 20 25.404627
18 21 60.059339
18 22 49.122833
18 23 59.026485
18 24 19.973066
18 25 27.448556
18 26 46.106453
18 27 44.078187
18 28 44.813813
18 29 48.826616
19 0 1.791194
19 1 18.643671
19 2 20.789405
19 3 28.876448
19 4 37.616401
19 5 57.025016
19 6 23.498818
19 7 33.435669
19 8 12.980317
19 9 25.868729
19 10 20.703002
19 11 24.093564
19 12 19.231105
19 13 28.595708
19 14 0.500316
19 15 41.327264
19 16 37.876607
19 17 37.847897
19 18 26.109635
19 19 0.000000
19 20 16.805314
19 21 43.657014
19 22 44.841601
19 23 35.124056
19 24 24.779658
19 25 33.496015
19 26 44.576627
19 27 51.357986
19 28 37.320520
19 29 53.128772
20 0 1.724566
20 1 18.792863
20 2 17.636613
20 3 25.288524
20 4 34.676852
20 5 36.085001
20 6 23.666949
20 7 29.085906
20 8 21.577414
20 9 32.009280
20 10 17.234835
20 11 24.980965
20 12 22.242454
20 13 18.867085
20 14 0.503649
20 15 55.759007
20 16 33.169664
20 17 22.852759
20 18 26.897944
20 19 47.428636
20 20 0.000000
20 21 22.195608
20 22 33.955927
20 23 2.366901
20 24 83.184007
20 25 46.859543
20 26 59.143010
20 27 38.647206
20 28 52.743945
20 29 52.105744
21 0 1.642716
21 1 19.094702
21 2 16.042962
21 3 22.294237
21 4 35.123468
21 5 31.005529
21 6 19.708038
21 7 26.522056
21 8 79.188612
21 9 21.375517
21 10 16.122265
21 11 45.568467
21 12 16.321392
21 13 24.734066
21 14 0.504024
21 15 54.579221
21 16 33.013538
21 17 17.224926
21 18 32.355967
21 19 57.935577
21 20 56.278231
21 21 0.000000
21 22 15.268338
21 23 2.453082
21 24 40.940809
21 25 38.561930
21 26 47.658213
21 27 41.348449
21 28 61.024035
21 29 53.976578
22 0 1.555991
22 1 14.827254
22 2 19.294269
22 3 18.886796
22 4 22.546143
22 5 27.898047
22 6 59.441399
22 7 27.889143
22 8 27.810736
22 9 22.484502
22 10 15.066288
22 11 14.556277
22 12 36.202109
22 13 53.126080
22 14 0.509416
22 15 28.735195
22 16 26.229482
22 17 44.171027
22 18 33.305044
22 19 39.287224
22 20 28.141381
22 21 41.868514
22 22 0.000000
22 23 2.349969
22 24 24.038881
22 25 39.188115
22 26 52.035929
22 27 39.722549
22 28 47.699404
22 29 45.627954
23 0 1.498778
23 1 11.966562
23 2 16.900931
23 3 24.251821
23 4 20.837949
23 5 37.282702
23 6 84.973744
23 7 18.568234
23 8 19.767296
23 9 21.999329
23 10 21.747695
23 11 20.202219
23 12 29.412659
23 13 51.286396
23 14 0.508801
23 15 21.744087
23 16 40.338379
23 17 63.490418
23 18 41.098064
23 19 22.350072
23 20 2.421231
23 21 53.457864
23 22 67.569417
23 23 0.000000
23 24 16.575263
23 25 30.638616
23 26 45.094224
23 27 39.079308
23 28 47.919569
23 29 41.333780
24 0 1.441528
24 1 11.846777
24 2 20.183166
24 3 15.448406
24 4 29.605319
24 5 35.077057
24 6 19.850747
24 7 72.465515
24 8 27.297781
24 9 17.882345
24 10 21.375299
24 11 17.889209
24 12 26.938369
24 13 57.272633
24 14 0.511603
24 15 26.267921
24 16 26.440799
24 17 37.478590
24 18 24.797824
24 19 45.479528
24 20 2.486772
24 21 45.042892
24 22 32.060662
24 23 42.237860
24 24 0.000000
24 25 25.167435
24 26 25.695039
24 27 50.666860
24 28 43.283084
24 29 32.793107
25 0 1.376438
25 1 12.036411
25 2 20.571608
25 3 13.433035
25 4 38.794480
25 5 35.677379
25 6 17.933419
25 7 79.248460
25 8 54.723064
25 9 15.218368
25 10 22.487395
25 11 15.909813
25 12 27.957926
25 13 43.598927
25 14 0.515956
25 15 18.185501
25 16 37.461184
25 17 21.651820
25 18 35.243883
25 19 54.106089
25 20 2.571366
25 21 32.237591
25 22 29.758234
25 23 42.300052
25 24 57.063808
25 25 0.000000
25 26 18.034432
25 27 52.583923
25 28 31.227136
25 29 45.447004
26 0 1.311285
26 1 13.526609
26 2 28.536174
26 3 11.419287
26 4 40.736427
26 5 34.091163
26 6 15.023870
26 7 29.318086
26 8 35.661605
26 9 65.189680
26 10 21.436915
26 11 15.499213
26 12 34.624752
26 13 35.736351
26 14 0.516713
26 15 16.820816
26 16 34.300818
26 17 22.842554
26 18 36.869761
26 19 57.296104
26 20 2.630215
26 21 25.980897
26 22 27.139167
26 23 34.170039
26 24 42.632839
26 25 53.959913
26 26 0.000000
26 27 22.450323
26 28 33.134027
26 29 55.578724
27 0 1.218742
27 1 19.073515
27 2 29.767949
27 3 11.011909
27 4 49.709680
27 5 47.728715
27 6 11.113389
27 7 75.950746
27 8 29.313168
27 9 31.414713
27 10 29.721542
27 11 16.543229
27 12 46.593024
27 13 34.671693
27 14 0.515330
27 15 18.682702
27 16 32.319068
27 17 25.601250
27 18 34.390253
27 19 73.071498
27 20 2.572277
27 21 27.645395
27 22 38.948667
27 23 26.488222
27 24 49.815953
27 25 50.316754
27 26 51.590455
27 27 0.000000
27 28 15.709474
27 29 55.351351
28 0 1.176305
28 1 19.149800
28 2 35.793074
28 3 12.140512
28 4 57.779149
28 5 32.505417
28 6 11.443214
28 7 29.185482
28 8 40.759387
28 9 48.078865
28 10 25.043910
28 11 18.664578
28 12 37.498024
28 13 37.376392
28 14 0.514948
28 15 21.896882
28 16 31.447688
28 17 22.119290
28 18 41.260590
28 19 37.705676
28 20 2.681050
28 21 28.003098
28 22 25.407398
28 23 38.481971
28 24 41.512966
28 25 34.472787
28 26 47.297068
28 27 31.449575
28 28 0.000000
28 29 30.371939
29 0 1.117070
29 1 18.844368
29 2 42.522192
29 3 14.205460
29 4 64.064518
29 5 38.994292
29 6 10.635993
29 7 24.847184
29 8 40.213074
29 9 34.611038
29 10 41.440778
29 11 16.280340
29 12 47.743927
29 13 41.350895
29 14 0.515265
29 15 21.248817
29 16 35.275302
29 17 20.444860
29 18 35.243290
29 19 47.421129
29 20 2.663131
29 21 34.666534
29 22 20.953291
29 23 35.300835
29 24 34.830048
29 25 44.662067
29 26 44.038386
29 27 41.699515
29 28 58.160519
29 29 0.000000
