0 0 0.000000
0 1 36.092453
0 2 39.964022
0 3 35.552180
0 4 36.730279
0 5 41.573040
0 6 32.722495
0 7 43.320636
0 8 57.409034
0 9 23.645334
0 10 44.158006
0 11 31.699624
0 12 25.035838
0 13 47.076232
0 14 33.958676
0 15 54.409298
0 16 30.524008
0 17 30.463706
0 18 26.058699
0 19 31.291435
0 20 24.335968
0 21 54.323326
0 22 20.338189
0 23 30.734257
0 24 24.420131
0 25 16.003297
0 26 25.420024
0 27 33.490666
0 28 25.403397
0 29 58.147618
1 0 51.356728
1 1 0.000000
1 2 21.613439
1 3 43.384265
1 4 36.575893
1 5 42.847990
1 6 31.078587
1 7 42.800767
1 8 38.996467
1 9 26.482870
1 10 38.549171
1 11 26.852826
1 12 22.253547
1 13 66.479173
1 14 41.050600
1 15 45.265530
1 16 40.267122
1 17 18.896155
1 18 31.080890
1 19 21.169241
1 20 34.621323
1 21 32.706165
1 22 23.963343
1 23 52.868934
1 24 26.406175
1 25 10.907385
1 26 33.493875
1 27 77.827952
1 28 31.781772
1 29 42.965622
2 0 22.159959
2 1 47.252309
2 2 0.000000
2 3 25.588131
2 4 44.900165
2 5 32.317574
2 6 25.959028
2 7 41.035338
2 8 34.464856
2 9 45.457840
2 10 22.877939
2 11 36.350829
2 12 23.428725
2 13 36.761184
2 14 32.945080
2 15 30.820981
2 16 26.403848
2 17 61.762686
2 18 25.833676
2 19 22.357936
2 20 24.536416
2 21 19.522192
2 22 20.888384
2 23 37.225127
2 24 45.682619
2 25 13.422374
2 26 29.130348
2 27 27.323032
2 28 24.969960
2 29 24.185257
3 0 15.399062
3 1 55.994233
3 2 67.761543
3 3 0.000000
3 4 17.749611
3 5 68.858419
3 6 21.205416
3 7 30.723450
3 8 46.290659
3 9 68.653288
3 10 20.518271
3 11 34.435428
3 12 19.663872
3 13 34.569959
3 14 30.656531
3 15 25.846730
3 16 42.217453
3 17 81.674339
3 18 18.160934
3 19 15.609849
3 20 29.596545
3 21 25.555390
3 22 17.387157
3 23 45.635897
3 24 34.227481
3 25 16.754162
3 26 31.876940
3 27 30.258004
3 28 21.816245
3 29 32.793620
4 0 10.006737
4 1 70.816236
4 2 53.111280
4 3 42.674481
4 4 0.000000
4 5 23.547631
4 6 30.738761
4 7 24.418425
4 8 40.257847
4 9 48.213716
4 10 20.068440
4 11 47.914094
4 12 18.802299
4 13 48.822070
4 14 25.401550
4 15 23.653335
4 16 47.026617
4 17 31.624097
4 18 21.212923
4 19 15.215166
4 20 47.836496
4 21 24.405353
4 22 2.015951
4 23 43.209956
4 24 43.164598
4 25 26.196390
4 26 80.644184
4 27 32.582686
4 28 26.729954
4 29 33.532971
5 0 8.129032
5 1 57.509790
5 2 58.515918
5 3 41.307727
5 4 42.975307
5 5 0.000000
5 6 20.526304
5 7 17.969068
5 8 37.895772
5 9 41.060245
5 10 27.600279
5 11 61.458606
5 12 15.608339
5 13 45.109744
5 14 29.856948
5 15 24.357732
5 16 68.671273
5 17 26.498597
5 18 17.723360
5 19 18.667070
5 20 30.238371
5 21 27.633010
5 22 12.171162
5 23 2.307931
5 24 41.359866
5 25 43.772741
5 26 21.709423
5 27 49.404038
5 28 22.742723
5 29 21.563880
6 0 6.481533
6 1 58.108950
6 2 56.929041
6 3 36.419638
6 4 50.343328
6 5 51.576498
6 6 0.000000
6 7 13.464255
6 8 41.261402
6 9 35.000367
6 10 27.161311
6 11 45.109744
6 12 20.454232
6 13 39.080765
6 14 19.526737
6 15 36.348938
6 16 43.852372
6 17 26.052872
6 18 17.905705
6 19 13.980641
6 20 51.904564
6 21 31.003696
6 22 10.637774
6 23 2.404404
6 24 37.921125
6 25 25.908998
6 26 59.598499
6 27 23.544194
6 28 12.804220
6 29 33.938892
7 0 5.847480
7 1 53.300259
7 2 36.943154
7 3 30.638169
7 4 40.771274
7 5 50.016743
7 6 31.644139
7 7 0.000000
7 8 18.724739
7 9 28.444444
7 10 57.347808
7 11 32.188111
7 12 22.388487
7 13 36.145329
7 14 22.574781
7 15 22.818197
7 16 68.129166
7 17 19.995538
7 18 14.783668
7 19 15.756805
7 20 38.592444
7 21 33.069240
7 22 11.368341
7 23 2.496324
7 24 24.706384
7 25 25.384640
7 26 19.505850
7 27 18.139727
7 28 36.871057
7 29 2.228417
8 0 5.258366
8 1 49.334306
8 2 28.819701
8 3 36.518571
8 4 46.651066
8 5 35.367512
8 6 42.168218
8 7 31.630298
8 8 0.000000
8 9 14.887038
8 10 31.432134
8 11 38.235706
8 12 30.548908
8 13 34.691767
8 14 22.285471
8 15 39.650451
8 16 34.897279
8 17 15.706063
8 18 12.010767
8 19 15.148454
8 20 41.902813
8 21 57.999668
8 22 12.674906
8 23 2.502275
8 24 23.833169
8 25 38.219679
8 26 14.756206
8 27 25.508143
8 28 20.667908
8 29 2.385057
9 0 4.377365
9 1 30.198747
9 2 73.685113
9 3 72.946955
9 4 31.355531
9 5 26.870029
9 6 37.421745
9 7 34.671693
9 8 28.894749
9 9 0.000000
9 10 14.198919
9 11 41.137566
9 12 39.851627
9 13 33.583986
9 14 17.781818
9 15 27.148302
9 16 29.783168
9 17 41.886075
9 18 9.188041
9 19 12.838239
9 20 25.618764
9 21 26.738133
9 22 27.576688
9 23 2.633554
9 24 22.638140
9 25 40.773652
9 26 9.664295
9 27 28.783706
9 28 33.188036
9 29 2.498522
10 0 3.866744
10 1 45.605132
10 2 48.830027
10 3 29.994880
10 4 48.654432
10 5 29.044415
10 6 35.453012
10 7 60.325394
10 8 23.256984
10 9 28.847451
10 10 0.000000
10 11 18.983905
10 12 90.351644
10 13 23.302983
10 14 14.604224
10 15 35.907678
10 16 31.620759
10 17 43.654288
10 18 7.411400
10 19 12.769604
10 20 44.486795
10 21 31.893908
10 22 27.780159
10 23 2.454423
10 24 14.968858
10 25 1.908787
10 26 41.193322
10 27 30.394388
10 28 60.795825
10 29 19.901609
11 0 3.482108
11 1 35.613762
11 2 34.421298
11 3 50.392926
11 4 36.998553
11 5 54.697374
11 6 36.389304
11 7 34.577939
11 8 26.122319
11 9 25.697873
11 10 60.155814
11 11 0.000000
11 12 21.328777
11 13 27.391552
11 14 13.225986
11 15 30.581428
11 16 55.590510
11 17 30.552024
11 18 7.348115
11 19 13.367618
11 20 44.450021
11 21 34.411696
11 22 23.935446
11 23 2.400677
11 24 32.443564
11 25 16.175862
11 26 1.968127
11 27 32.258914
11 28 28.468384
11 29 22.532093
12 0 3.103545
12 1 38.238495
12 2 29.380930
12 3 29.406885
12 4 38.139051
12 5 47.449025
12 6 37.644761
12 7 59.519001
12 8 36.267220
12 9 34.218546
12 10 59.519001
12 11 57.713955
12 12 0.000000
12 13 17.712133
12 14 9.987770
12 15 41.316679
12 16 44.032839
12 17 30.199182
12 18 7.049511
12 19 16.255480
12 20 47.080460
12 21 44.771717
12 22 21.477751
12 23 2.178259
12 24 17.072780
12 25 0.500827
12 26 23.182428
12 27 21.853756
12 28 62.163623
12 29 16.419019
13 0 2.758452
13 1 48.122995
13 2 30.328455
13 3 29.180609
13 4 55.117138
13 5 32.833153
13 6 63.500030
13 7 45.715482
13 8 30.288157
13 9 32.453103
13 10 50.033449
13 11 54.938098
13 12 53.766235
13 13 0.000000
13 14 6.661686
13 15 36.344529
13 16 36.352089
13 17 61.615701
13 18 7.850621
13 19 13.056931
13 20 49.898925
13 21 57.256996
13 22 23.090285
13 23 2.263184
13 24 14.045247
13 25 0.494662
13 26 31.982432
13 27 30.718500
13 28 18.200021
13 29 24.993171
14 0 2.599671
14 1 50.326414
14 2 20.143811
14 3 38.225252
14 4 48.177165
14 5 41.963182
14 6 28.626544
14 7 35.240922
14 8 38.666445
14 9 24.806624
14 10 29.385870
14 11 35.453012
14 12 19.674203
14 13 22.360558
14 14 0.000000
14 15 13.097704
14 16 30.845914
14 17 25.796497
14 18 17.205989
14 19 11.465298
14 20 26.469834
14 21 32.391449
14 22 79.473700
14 23 2.277758
14 24 11.488537
14 25 0.499129
14 26 17.242629
14 27 33.535116
14 28 13.681659
14 29 26.105410
15 0 2.470490
15 1 34.552872
15 2 21.417431
15 3 26.310763
15 4 34.069564
15 5 36.001991
15 6 37.119705
15 7 36.645558
15 8 72.820306
15 9 21.550584
15 10 29.598634
15 11 33.442600
15 12 26.439799
15 13 21.337892
15 14 19.265732
15 15 0.000000
15 16 17.903871
15 17 17.004395
15 18 27.043974
15 19 11.920648
15 20 26.866242
15 21 30.715351
15 22 50.028674
15 23 2.279146
15 24 10.060647
15 25 0.497678
15 26 22.983495
15 27 21.381401
15 28 13.780281
15 29 52.264168
16 0 2.341436
16 1 46.564057
16 2 18.662087
16 3 35.224940
16 4 36.477284
16 5 33.477835
16 6 31.714005
16 7 52.694909
16 8 42.677086
16 9 16.463100
16 10 55.928528
16 11 31.896818
16 12 31.755304
16 13 19.497508
16 14 15.426020
16 15 54.378261
16 16 0.000000
16 17 10.878304
16 18 24.699110
16 19 12.250936
16 20 41.499822
16 21 33.164418
16 22 39.489926
16 23 2.338666
16 24 9.953827
16 25 0.483898
16 26 37.097380
16 27 37.703642
16 28 12.624548
16 29 31.756265
17 0 2.116772
17 1 25.953567
17 2 55.698290
17 3 30.157926
17 4 24.384354
17 5 41.519541
17 6 28.010204
17 7 32.079298
17 8 23.770496
17 9 88.078622
17 10 30.034400
17 11 34.918779
17 12 32.174778
17 13 22.831860
17 14 12.271941
17 15 27.503272
17 16 29.732919
17 17 0.000000
17 18 16.366100
17 19 11.215856
17 20 49.865703
17 21 40.162246
17 22 29.049645
17 23 2.324855
17 24 9.753470
17 25 0.481927
17 26 39.409779
17 27 47.662545
17 28 11.097569
17 29 55.566943
18 0 1.984147
18 1 30.843192
18 2 28.907494
18 3 28.644139
18 4 28.714736
18 5 27.792308
18 6 25.946181
18 7 20.024367
18 8 20.765320
18 9 23.872235
18 10 16.001221
18 11 33.762408
18 12 36.139723
18 13 37.373728
18 14 77.354284
18 15 33.262784
18 16 51.301451
18 17 36.167147
18 18 0.000000
18 19 9.225266
18 20 43.480511
18 21 24.909752
18 22 55.423029
18 23 2.291083
18 24 8.082133
18 25 0.491239
18 26 18.331748
18 27 31.029385
18 28 10.964182
18 29 54.464407
19 0 1.835654
19 1 32.435536
19 2 18.605133
19 3 20.636791
19 4 32.575600
19 5 26.384581
19 6 24.315088
19 7 23.259821
19 8 19.322179
19 9 13.334554
19 10 24.682540
19 11 50.923996
19 12 26.716673
19 13 29.028736
19 14 68.418113
19 15 38.591024
19 16 29.178985
19 17 50.066894
19 18 77.744282
19 19 0.000000
19 20 20.161240
19 21 23.231736
19 22 58.460458
19 23 2.222518
19 24 9.128729
19 25 0.492841
19 26 0.495090
19 27 64.702950
19 28 59.503802
19 29 46.177518
20 0 1.733178
20 1 30.363144
20 2 26.086576
20 3 14.327745
20 4 62.300279
20 5 38.894490
20 6 26.476518
20 7 20.235943
20 8 17.929893
20 9 12.509780
20 10 40.653511
20 11 31.059716
20 12 31.962446
20 13 29.565252
20 14 25.955494
20 15 68.391338
20 16 35.812633
20 17 71.504381
20 18 39.799442
20 19 36.409521
20 20 0.000000
20 21 18.820185
20 22 29.653041
20 23 2.251308
20 24 10.414887
20 25 0.483414
20 26 0.504079
20 27 49.907237
20 28 46.495921
20 29 26.795528
21 0 1.693654
21 1 22.955067
21 2 18.206025
21 3 19.838353
21 4 31.422244
21 5 33.436735
21 6 28.016566
21 7 31.456179
21 8 20.542591
21 9 10.915844
21 10 34.882188
21 11 47.669046
21 12 44.820517
21 13 26.023776
21 14 19.499684
21 15 83.638510
21 16 42.466224
21 17 51.525810
21 18 33.454870
21 19 43.472399
21 20 48.627356
21 21 0.000000
21 22 19.833663
21 23 2.135906
21 24 13.524865
21 25 0.477723
21 26 0.510406
21 27 37.573942
21 28 35.610738
21 29 40.379544
22 0 1.558893
22 1 25.216155
22 2 14.255576
22 3 22.183164
22 4 23.928892
22 5 19.528737
22 6 22.158788
22 7 33.000031
22 8 33.724945
22 9 19.592044
22 10 25.912199
22 11 51.863488
22 12 28.291720
22 13 34.571669
22 14 58.617324
22 15 33.707599
22 16 46.323379
22 17 40.194576
22 18 59.412771
22 19 43.277725
22 20 33.789063
22 21 48.858467
22 22 0.000000
22 23 2.013089
22 24 15.908003
22 25 0.478018
22 26 0.507446
22 27 47.205510
22 28 14.880912
22 29 35.564238
23 0 1.470550
23 1 31.739924
23 2 13.735514
23 3 21.838281
23 4 2.125985
23 5 47.182145
23 6 35.027258
23 7 43.754475
23 8 52.075985
23 9 19.724720
23 10 21.938343
23 11 26.185269
23 12 19.084971
23 13 42.193670
23 14 37.652196
23 15 45.502224
23 16 67.556357
23 17 31.761075
23 18 35.987164
23 19 29.102859
23 20 30.381179
23 21 38.233615
23 22 29.391224
23 23 0.000000
23 24 12.203387
23 25 0.476576
23 26 0.507417
23 27 46.063918
23 28 11.164863
23 29 38.023570
24 0 1.392436
24 1 45.604140
24 2 14.000427
24 3 24.982155
24 4 2.107923
24 5 45.748391
24 6 36.955523
24 7 36.747012
24 8 23.136647
24 9 32.814145
24 10 17.077090
24 11 48.591302
24 12 10.461489
24 13 26.551605
24 14 34.297452
24 15 28.002724
24 16 70.511465
24 17 22.361273
24 18 29.181421
24 19 45.596208
24 20 56.382632
24 21 67.921752
24 22 55.384973
24 23 79.374437
24 24 0.000000
24 25 0.470299
24 26 0.506254
24 27 28.378625
24 28 10.128527
24 29 22.189737
25 0 1.283682
25 1 21.133402
25 2 23.156063
25 3 22.167923
25 4 2.311039
25 5 50.749008
25 6 23.053987
25 7 29.547340
25 8 40.980010
25 9 41.315865
25 10 11.054107
25 11 44.392625
25 12 0.487229
25 13 26.662327
25 14 58.158906
25 15 14.526634
25 16 22.508635
25 17 26.538166
25 18 59.412771
25 19 63.822758
25 20 17.157425
25 21 33.644330
25 22 59.387534
25 23 44.996503
25 24 36.322497
25 25 0.000000
25 26 0.498907
25 27 22.114625
25 28 9.043619
25 29 48.819797
26 0 1.218930
26 1 23.241519
26 2 23.224017
26 3 25.117698
26 4 2.351038
26 5 27.586483
26 6 58.661594
26 7 14.339697
26 8 29.126302
26 9 15.005917
26 10 1.996755
26 11 39.492900
26 12 0.634165
26 13 35.537721
26 14 23.402580
26 15 31.569826
26 16 18.154645
26 17 29.261633
26 18 28.273030
26 19 0.503219
26 20 61.563247
26 21 46.343852
26 22 47.691811
26 23 42.847114
26 24 36.508400
26 25 31.986822
26 26 0.000000
26 27 13.559319
26 28 7.777744
26 29 23.826941
27 0 1.161504
27 1 51.009462
27 2 16.897935
27 3 23.846177
27 4 2.375127
27 5 30.812830
27 6 36.850973
27 7 12.969801
27 8 28.235725
27 9 16.564527
27 10 2.011124
27 11 36.481091
27 12 0.630979
27 13 82.548790
27 14 19.034908
27 15 29.857373
27 16 23.422445
27 17 31.091028
27 18 19.588018
27 19 0.510607
27 20 34.737163
27 21 51.641271
27 22 45.458826
27 23 41.866007
27 24 20.395550
27 25 31.661337
27 26 38.019434
27 27 0.000000
27 28 2.257310
27 29 24.024286
28 0 1.132373
28 1 49.938135
28 2 12.724742
28 3 28.432104
28 4 2.409838
28 5 23.634675
28 6 11.740332
28 7 81.329093
28 8 23.403364
28 9 22.216535
28 10 2.078065
28 11 21.039900
28 12 0.641332
28 13 13.756778
28 14 18.584853
28 15 23.898351
28 16 24.193906
28 17 18.098868
28 18 27.659250
28 19 0.529762
28 20 27.908071
28 21 31.480261
28 22 16.901203
28 23 18.642014
28 24 18.927706
28 25 27.281800
28 26 21.999559
28 27 2.753187
28 28 0.000000
28 29 20.856808
29 0 1.109759
29 1 42.834862
29 2 10.040081
29 3 40.139185
29 4 2.425255
29 5 19.330371
29 6 15.662193
29 7 2.267897
29 8 68.291120
29 9 35.872667
29 10 7.358919
29 11 22.210888
29 12 0.641876
29 13 17.703013
29 14 22.317725
29 15 33.187511
29 16 16.597301
29 17 34.210731
29 18 21.609653
29 19 0.527100
29 20 23.578341
29 21 86.899764
29 22 14.202285
29 23 23.900258
29 24 15.870803
29 25 26.326948
29 26 17.885090
29 27 3.111072
29 28 14.658018
29 29 0.000000
