0 0 0.000000
0 1 68.882166
0 2 79.540014
0 3 71.579429
0 4 73.097605
0 5 47.911358
0 6 27.897676
0 7 47.743655
0 8 76.114072
0 9 85.656602
0 10 73.116719
0 11 50.707288
0 12 48.656408
0 13 29.539952
0 14 67.696469
0 15 35.744269
0 16 72.669537
0 17 76.086457
0 18 80.875100
0 19 35.527637
0 20 66.369770
0 21 67.985606
0 22 59.819926
0 23 44.754996
0 24 36.224308
0 25 53.552738
0 26 46.954230
0 27 47.409872
0 28 61.364643
0 29 77.462144
1 0 75.263853
1 1 0.000000
1 2 33.890901
1 3 79.306150
1 4 85.391533
1 5 21.309380
1 6 80.620932
1 7 37.182722
1 8 56.473351
1 9 46.177010
1 10 48.305336
1 11 84.514871
1 12 10.063725
1 13 31.460662
1 14 81.675929
1 15 33.488794
1 16 51.463537
1 17 37.397554
1 18 53.898546
1 19 28.737754
1 20 42.444093
1 21 32.525961
1 22 34.261032
1 23 30.254185
1 24 25.734768
1 25 67.256290
1 26 24.081253
1 27 3.090389
1 28 79.028216
1 29 75.160677
2 0 35.711857
2 1 74.752119
2 2 0.000000
2 3 24.165679
2 4 41.545656
2 5 59.445190
2 6 62.564667
2 7 21.782934
2 8 58.814595
2 9 62.619310
2 10 71.829499
2 11 59.904936
2 12 11.173756
2 13 30.284658
2 14 35.709424
2 15 78.220565
2 16 33.107089
2 17 35.703649
2 18 33.869965
2 19 38.943423
2 20 7.297100
2 21 55.912125
2 22 42.535992
2 23 35.290588
2 24 64.274611
2 25 68.555102
2 26 46.338988
2 27 3.880923
2 28 65.363400
2 29 81.661618
3 0 25.105445
3 1 69.190673
3 2 40.801615
3 3 0.000000
3 4 20.722641
3 5 51.046089
3 6 43.895742
3 7 33.664718
3 8 36.826059
3 9 38.447050
3 10 38.783180
3 11 76.036112
3 12 13.733850
3 13 45.410839
3 14 29.154241
3 15 35.935520
3 16 7.948296
3 17 42.602094
3 18 52.189381
3 19 94.104935
3 20 15.072488
3 21 32.036051
3 22 29.797133
3 23 88.731719
3 24 31.752178
3 25 73.508193
3 26 70.713558
3 27 4.315148
3 28 76.191500
3 29 91.699822
4 0 18.460886
4 1 64.282984
4 2 25.224648
4 3 60.457129
4 4 0.000000
4 5 25.112059
4 6 40.585260
4 7 31.484160
4 8 60.358817
4 9 24.010258
4 10 41.087395
4 11 55.543028
4 12 16.381952
4 13 38.323045
4 14 28.381025
4 15 31.975848
4 16 40.835380
4 17 8.884233
4 18 64.259840
4 19 54.205031
4 20 13.396865
4 21 43.670196
4 22 38.109076
4 23 52.148826
4 24 32.283247
4 25 73.974268
4 26 58.794396
4 27 4.470927
4 28 67.311877
4 29 68.787838
5 0 13.977775
5 1 24.780536
5 2 88.288126
5 3 44.734948
5 4 48.491306
5 5 0.000000
5 6 25.965617
5 7 22.621474
5 8 41.047587
5 9 28.075264
5 10 8.188458
5 11 29.240520
5 12 34.441932
5 13 42.783304
5 14 22.716179
5 15 63.237228
5 16 44.575917
5 17 30.275586
5 18 45.759122
5 19 1.928551
5 20 58.913315
5 21 38.458154
5 22 47.622770
5 23 40.420988
5 24 8.331256
5 25 69.496773
5 26 13.596218
5 27 56.334923
5 28 61.306341
5 29 47.721655
6 0 8.804691
6 1 68.415881
6 2 82.410115
6 3 31.799362
6 4 49.256960
6 5 68.692079
6 6 0.000000
6 7 14.373407
6 8 58.142782
6 9 36.449230
6 10 7.304433
6 11 26.655380
6 12 24.786614
6 13 59.094680
6 14 18.461495
6 15 47.942300
6 16 31.901792
6 17 38.729642
6 18 59.763670
6 19 2.022512
6 20 43.285988
6 21 50.212243
6 22 45.467696
6 23 36.554695
6 24 56.104711
6 25 9.663059
6 26 10.334527
6 27 47.344049
6 28 81.966426
6 29 66.982401
7 0 7.345599
7 1 48.824343
7 2 33.309540
7 3 75.780588
7 4 40.937013
7 5 32.958930
7 6 49.615302
7 7 0.000000
7 8 26.171462
7 9 34.036802
7 10 7.379583
7 11 20.453235
7 12 19.510750
7 13 78.951605
7 14 21.544219
7 15 56.323197
7 16 22.090108
7 17 7.533665
7 18 80.437715
7 19 2.743881
7 20 33.229053
7 21 20.225405
7 22 46.277379
7 23 72.032424
7 24 50.431705
7 25 11.373566
7 26 7.060060
7 27 47.676090
7 28 39.077670
7 29 32.611566
8 0 6.885401
8 1 41.240711
8 2 31.657275
8 3 42.768690
8 4 67.995526
8 5 30.278427
8 6 44.359994
8 7 49.819208
8 8 0.000000
8 9 26.014253
8 10 7.079908
8 11 13.208784
8 12 8.469209
8 13 35.039695
8 14 32.335637
8 15 60.629729
8 16 39.691162
8 17 32.769408
8 18 25.690318
8 19 2.735191
8 20 7.507021
8 21 30.643989
8 22 78.838078
8 23 55.849215
8 24 18.454591
8 25 54.658882
8 26 8.697328
8 27 92.869330
8 28 24.121692
8 29 62.290102
9 0 6.299324
9 1 35.352756
9 2 32.224835
9 3 27.317515
9 4 36.217427
9 5 43.169707
9 6 68.657222
9 7 51.696328
9 8 73.829732
9 9 0.000000
9 10 6.510999
9 11 10.264521
9 12 9.679148
9 13 1.863651
9 14 48.286150
9 15 86.129760
9 16 45.158555
9 17 60.891147
9 18 52.142019
9 19 30.176586
9 20 15.658480
9 21 78.556052
9 22 55.724559
9 23 58.682113
9 24 23.207698
9 25 42.327800
9 26 11.202167
9 27 36.685463
9 28 1.967957
9 29 34.695498
10 0 5.797165
10 1 25.579470
10 2 47.758333
10 3 22.838262
10 4 7.551692
10 5 52.077278
10 6 40.879160
10 7 41.477045
10 8 53.081705
10 9 74.140988
10 10 0.000000
10 11 8.133793
10 12 10.415611
10 13 1.793628
10 14 46.086695
10 15 89.106850
10 16 16.669365
10 17 28.788645
10 18 44.196859
10 19 58.580074
10 20 33.819850
10 21 98.967780
10 22 58.217432
10 23 42.658639
10 24 22.126700
10 25 8.560634
10 26 51.802636
10 27 71.819659
10 28 2.142017
10 29 39.276371
11 0 5.123080
11 1 30.760516
11 2 35.042037
11 3 28.878734
11 4 29.845687
11 5 6.949787
11 6 31.730199
11 7 34.258373
11 8 21.634454
11 9 29.699970
11 10 47.069629
11 11 0.000000
11 12 9.147024
11 13 1.756577
11 14 85.827498
11 15 29.283186
11 16 22.195549
11 17 17.991653
11 18 57.707603
11 19 53.533258
11 20 19.696145
11 21 42.137928
11 22 45.279212
11 23 19.283225
11 24 34.791189
11 25 32.646087
11 26 25.460143
11 27 64.979109
11 28 2.181120
11 29 26.825004
12 0 3.192643
12 1 92.236225
12 2 57.294539
12 3 44.876865
12 4 71.603868
12 5 8.467004
12 6 26.009897
12 7 21.421205
12 8 9.067805
12 9 54.977343
12 10 59.755581
12 11 76.386458
12 12 0.000000
12 13 1.715043
12 14 82.246899
12 15 19.905057
12 16 27.447837
12 17 13.081364
12 18 60.970367
12 19 30.377108
12 20 23.391291
12 21 28.430562
12 22 45.511111
12 23 23.882430
12 24 38.100941
12 25 47.052995
12 26 7.075919
12 27 91.939019
12 28 2.934766
12 29 29.886839
13 0 4.073746
13 1 9.069618
13 2 53.254241
13 3 85.113415
13 4 43.927463
13 5 9.069197
13 6 32.866213
13 7 25.591565
13 8 7.552582
13 9 1.892642
13 10 31.039029
13 11 39.632093
13 12 77.424967
13 13 0.000000
13 14 25.208350
13 15 21.912211
13 16 16.687969
13 17 13.915310
13 18 42.684469
13 19 69.756833
13 20 16.626909
13 21 28.766827
13 22 2.034245
13 23 82.904491
13 24 41.185434
13 25 61.663712
13 26 28.307090
13 27 58.514694
13 28 70.763069
13 29 48.935708
14 0 3.824175
14 1 9.067119
14 2 38.076556
14 3 36.823149
14 4 43.379330
14 5 8.703501
14 6 23.224082
14 7 34.433590
14 8 8.752073
14 9 1.947303
14 10 22.434472
14 11 83.697760
14 12 73.970354
14 13 38.520317
14 14 0.000000
14 15 14.310220
14 16 10.911826
14 17 16.971437
14 18 41.466589
14 19 27.925165
14 20 28.463748
14 21 32.661213
14 22 2.132944
14 23 47.324818
14 24 34.057392
14 25 38.563525
14 26 24.954212
14 27 54.667788
14 28 70.405533
14 29 74.464794
15 0 3.455401
15 1 9.096783
15 2 60.117446
15 3 35.102156
15 4 38.056518
15 5 9.635223
15 6 19.949697
15 7 35.736960
15 8 8.872140
15 9 1.949225
15 10 23.308099
15 11 29.767526
15 12 30.153481
15 13 48.171355
15 14 43.258755
15 15 0.000000
15 16 8.534801
15 17 16.432495
15 18 31.018141
15 19 30.984343
15 20 43.986199
15 21 48.797929
15 22 2.023239
15 23 43.982278
15 24 28.790917
15 25 66.538760
15 26 32.980570
15 27 50.061217
15 28 58.876101
15 29 47.051676
16 0 3.322659
16 1 8.676386
16 2 36.632436
16 3 37.370232
16 4 35.892007
16 5 9.568860
16 6 16.888375
16 7 25.924291
16 8 11.512819
16 9 1.958987
16 10 12.770381
16 11 50.028674
16 12 34.061679
16 13 28.401204
16 14 18.379102
16 15 24.040948
16 16 0.000000
16 17 14.992615
16 18 22.330796
16 19 7.539326
16 20 83.352623
16 21 72.007073
16 22 2.432207
16 23 27.795992
16 24 67.057364
16 25 33.684183
16 26 71.909545
16 27 24.640416
16 28 79.411256
16 29 71.134508
17 0 3.175939
17 1 7.645566
17 2 43.869113
17 3 7.871815
17 4 59.483127
17 5 46.727465
17 6 17.492739
17 7 21.935761
17 8 11.636073
17 9 2.020902
17 10 9.582589
17 11 29.117001
17 12 23.798550
17 13 21.533656
17 14 23.657137
17 15 44.965630
17 16 73.402063
17 17 0.000000
17 18 16.340341
17 19 7.775271
17 20 71.183402
17 21 44.987574
17 22 2.316278
17 23 30.926200
17 24 73.787520
17 25 1.981574
17 26 69.564202
17 27 50.023901
17 28 20.192542
17 29 31.803822
18 0 3.068720
18 1 7.076349
18 2 31.452169
18 3 8.618489
18 4 63.749519
18 5 42.019516
18 6 19.978489
18 7 7.113143
18 8 63.324109
18 9 2.079929
18 10 10.669651
18 11 25.707953
18 12 22.739148
18 13 21.989410
18 14 25.008222
18 15 26.619938
18 16 40.764141
18 17 50.537741
18 18 0.000000
18 19 7.029568
18 20 50.507008
18 21 62.373470
18 22 2.311135
18 23 28.716505
18 24 35.171181
18 25 2.062104
18 26 39.111741
18 27 59.916489
18 28 24.776218
18 29 23.022541
19 0 2.845292
19 1 6.820533
19 2 34.642912
19 3 10.021705
19 4 45.127702
19 5 1.907586
19 6 45.022826
19 7 83.325301
19 8 79.722948
19 9 6.589761
19 10 12.148793
19 11 25.411631
19 12 19.627709
19 13 33.381250
19 14 14.323439
19 15 36.589773
19 16 7.951770
19 17 68.718527
19 18 81.707751
19 19 0.000000
19 20 23.765580
19 21 74.580652
19 22 2.273593
19 23 40.030961
19 24 7.420717
19 25 2.639756
19 26 31.547150
19 27 55.915480
19 28 27.941443
19 29 25.556402
20 0 2.704640
20 1 3.911966
20 2 26.627289
20 3 32.124260
20 4 38.564589
20 5 2.098099
20 6 48.113335
20 7 50.967932
20 8 59.020256
20 9 5.712984
20 10 17.674143
20 11 17.665769
20 12 18.605752
20 13 25.238384
20 14 28.823266
20 15 30.989952
20 16 8.870385
20 17 79.838279
20 18 41.481147
20 19 69.752193
20 20 0.000000
20 21 35.965255
20 22 2.206804
20 23 42.656469
20 24 8.187938
20 25 2.517287
20 26 53.265400
20 27 35.638273
20 28 33.708683
20 29 31.719041
21 0 2.610459
21 1 6.134445
21 2 7.503455
21 3 24.459222
21 4 38.305021
21 5 2.122612
21 6 43.044108
21 7 23.104276
21 8 9.822415
21 9 17.951418
21 10 18.825253
21 11 14.682057
21 12 15.083789
21 13 31.549048
21 14 21.835667
21 15 73.736281
21 16 9.360959
21 17 45.785346
21 18 75.472415
21 19 57.675465
21 20 69.511746
21 21 0.000000
21 22 1.723729
21 23 73.987317
21 24 57.542533
21 25 2.541031
21 26 31.042015
21 27 57.197264
21 28 32.488674
21 29 31.568995
22 0 2.486504
22 1 5.650599
22 2 7.775343
22 3 19.738551
22 4 72.577114
22 5 2.156604
22 6 40.839356
22 7 21.098321
22 8 10.374571
22 9 17.054765
22 10 21.344081
22 11 12.233945
22 12 17.114753
22 13 1.953577
22 14 75.891653
22 15 28.443576
22 16 43.018503
22 17 22.376543
22 18 62.550205
22 19 33.809082
22 20 36.778429
22 21 52.062088
22 22 0.000000
22 23 7.560847
22 24 57.860849
22 25 2.503115
22 26 1.945708
22 27 75.445264
22 28 58.398190
22 29 43.781650
23 0 2.347621
23 1 5.361198
23 2 8.092816
23 3 29.724491
23 4 47.525908
23 5 2.113786
23 6 45.863197
23 7 25.640219
23 8 10.224872
23 9 16.613079
23 10 18.256703
23 11 10.546521
23 12 19.467825
23 13 2.034849
23 14 46.174468
23 15 28.580217
23 16 19.835023
23 17 30.232486
23 18 59.648506
23 19 79.896831
23 20 39.503873
23 21 8.438692
23 22 77.761578
23 23 0.000000
23 24 32.371949
23 25 2.477737
23 26 1.948168
23 27 46.093026
23 28 76.426822
23 29 48.144814
24 0 2.221336
24 1 4.947583
24 2 10.362921
24 3 19.430848
24 4 52.698220
24 5 2.169589
24 6 36.824442
24 7 28.988810
24 8 7.039555
24 9 23.677103
24 10 19.318708
24 11 10.496716
24 12 22.402897
24 13 2.077353
24 14 45.347749
24 15 18.473733
24 16 84.362729
24 17 25.107249
24 18 7.269479
24 19 70.481843
24 20 81.560782
24 21 71.343227
24 22 60.778206
24 23 75.789489
24 24 0.000000
24 25 2.359908
24 26 1.978629
24 27 33.403182
24 28 75.852538
24 29 43.876227
25 0 2.124179
25 1 5.113393
25 2 10.253430
25 3 19.477363
25 4 44.833692
25 5 1.789175
25 6 61.630640
25 7 59.746218
25 8 15.430163
25 9 19.189971
25 10 21.111808
25 11 9.419909
25 12 26.812143
25 13 2.070533
25 14 30.205271
25 15 30.459835
25 16 31.880695
25 17 1.935740
25 18 73.773244
25 19 71.487929
25 20 39.372230
25 21 66.646074
25 22 52.175099
25 23 59.076784
25 24 40.721793
25 25 0.000000
25 26 1.920285
25 27 30.700288
25 28 55.011234
25 29 77.002093
26 0 2.040375
26 1 4.579544
26 2 12.562159
26 3 22.393448
26 4 51.776098
26 5 1.621918
26 6 22.278547
26 7 18.306745
26 8 23.915111
26 9 37.862247
26 10 12.812825
26 11 47.075968
26 12 7.078277
26 13 2.724399
26 14 22.219418
26 15 33.155767
26 16 76.161755
26 17 1.948065
26 18 47.768396
26 19 36.190864
26 20 80.503330
26 21 45.031044
26 22 1.973682
26 23 75.866944
26 24 74.656984
26 25 55.020615
26 26 0.000000
26 27 19.013983
26 28 71.416721
26 29 68.147431
27 0 1.928090
27 1 1.950253
27 2 66.701717
27 3 69.720308
27 4 74.816789
27 5 2.419202
27 6 24.748880
27 7 14.451755
27 8 41.520979
27 9 21.124461
27 10 16.693083
27 11 40.999238
27 12 7.182298
27 13 2.665100
27 14 25.335725
27 15 36.243246
27 16 27.375730
27 17 2.009798
27 18 59.353918
27 19 47.841407
27 20 35.244771
27 21 72.601612
27 22 2.001813
27 23 38.753259
27 24 52.560530
27 25 49.695839
27 26 53.188060
27 27 0.000000
27 28 33.768932
27 29 63.621394
29 0 1.842347
29 1 1.938570
29 2 65.991236
29 3 65.977742
29 4 56.478674
29 5 2.390214
29 6 32.636561
29 7 10.396931
29 8 44.519613
29 9 1.907086
29 10 48.221476
29 11 36.600629
29 12 59.875860
29 13 25.733742
29 14 29.791630
29 15 27.939489
29 16 33.632594
29 17 1.826849
29 18 47.269350
29 19 78.252670
29 20 65.526273
29 21 74.474050
29 22 2.091824
29 23 60.164012
29 24 38.830395
29 25 76.398980
29 26 54.461578
29 27 65.030994
29 28 79.297903
29 29 0.000000
28 0 1.888175
28 1 1.935542
28 2 80.962523
28 3 58.946848
28 4 58.291464
28 5 2.403520
28 6 28.988209
28 7 10.772649
28 8 39.910783
28 9 1.948690
28 10 47.954359
28 11 54.841482
28 12 49.682300
28 13 19.573027
28 14 25.464008
28 15 35.633429
28 16 27.766458
28 17 1.890460
28 18 80.628681
28 19 64.111522
28 20 45.529637
28 21 65.351179
28 22 2.064176
28 23 50.949358
28 24 43.962455
28 25 40.698678
28 26 63.054225
28 27 76.036112
28 28 0.000000
28 29 33.909807
