0 0 0.000000
0 1 37.016839
0 2 55.474341
0 3 40.597634
0 4 39.123780
0 5 38.527217
0 6 32.728623
0 7 38.381259
0 8 50.346953
0 9 43.900107
0 10 40.466811
0 11 38.276182
0 12 68.324493
0 13 31.158007
0 14 28.350236
0 15 29.642562
0 16 73.499176
0 17 36.567602
0 18 71.358399
0 19 39.473573
0 20 53.479676
0 21 37.040376
0 22 27.891369
0 23 28.000107
0 24 51.787924
0 25 45.101983
0 26 26.484877
0 27 38.827520
0 28 74.269646
0 29 36.405729
1 0 41.134339
1 1 0.000000
1 2 24.039983
1 3 63.106403
1 4 31.056956
1 5 33.927910
1 6 44.165445
1 7 38.870700
1 8 34.772873
1 9 34.795374
1 10 34.930411
1 11 77.897333
1 12 54.368392
1 13 36.728349
1 14 35.017900
1 15 13.554323
1 16 27.659980
1 17 25.100863
1 18 29.185888
1 19 24.723860
1 20 24.306915
1 21 28.063805
1 22 36.814100
1 23 20.272915
1 24 34.079529
1 25 37.621125
1 26 19.133900
1 27 39.908504
1 28 41.367208
1 29 26.131433
2 0 24.251821
2 1 75.521337
2 2 0.000000
2 3 21.574750
2 4 31.832425
2 5 48.803891
2 6 50.130325
2 7 21.866745
2 8 41.065069
2 9 45.000365
2 10 22.578670
2 11 38.375640
2 12 32.185147
2 13 40.831604
2 14 26.727569
2 15 38.112020
2 16 26.988289
2 17 21.928708
2 18 27.606819
2 19 23.784515
2 20 24.461433
2 21 19.833850
2 22 38.146682
2 23 20.080162
2 24 27.328017
2 25 58.357970
2 26 21.489195
2 27 36.981590
2 28 40.475402
2 29 32.498365
3 0 14.687173
3 1 47.277875
3 2 49.400546
3 3 0.000000
3 4 21.925269
3 5 30.992699
3 6 51.122617
3 7 29.376403
3 8 29.199705
3 9 47.659296
3 10 25.885972
3 11 26.502616
3 12 31.769254
3 13 66.845759
3 14 17.246741
3 15 61.054237
3 16 31.646049
3 17 22.813729
3 18 26.943214
3 19 32.564978
3 20 15.258784
3 21 25.014039
3 22 18.047624
3 23 60.162717
3 24 18.722231
3 25 30.501367
3 26 25.771770
3 27 40.391210
3 28 33.190662
3 29 47.858330
4 0 10.599600
4 1 61.930485
4 2 43.209066
4 3 58.553496
4 4 0.000000
4 5 15.684332
4 6 47.828859
4 7 36.576531
4 8 46.269211
4 9 27.888401
4 10 27.601369
4 11 20.772931
4 12 29.554419
4 13 39.064022
4 14 26.666056
4 15 43.631582
4 16 39.525651
4 17 30.039563
4 18 29.202144
4 19 24.245373
4 20 17.246883
4 21 18.528206
4 22 35.804074
4 23 21.242790
4 24 19.630373
4 25 51.031804
4 26 20.097866
4 27 46.846982
4 28 37.533593
4 29 40.634606
5 0 8.888271
5 1 37.286679
5 2 58.139558
5 3 45.467696
5 4 36.384254
5 5 0.000000
5 6 26.261342
5 7 31.163563
5 8 26.427138
5 9 29.032353
5 10 27.754424
5 11 22.707017
5 12 22.721779
5 13 33.851786
5 14 22.511051
5 15 35.329380
5 16 35.291924
5 17 49.201201
5 18 35.131117
5 19 25.296760
5 20 21.333333
5 21 20.052322
5 22 36.526204
5 23 17.504127
5 24 18.618017
5 25 34.346883
5 26 43.548228
5 27 32.855272
5 28 50.526478
5 29 36.329418
6 0 7.042717
6 1 52.623507
6 2 57.892395
6 3 34.164473
6 4 40.034973
6 5 58.717438
6 6 0.000000
6 7 16.965190
6 8 31.290035
6 9 29.346394
6 10 29.102051
6 11 16.530189
6 12 24.334838
6 13 38.218982
6 14 18.635388
6 15 25.899399
6 16 30.078339
6 17 45.267484
6 18 41.653134
6 19 18.428725
6 20 19.428868
6 21 33.119899
6 22 41.342743
6 23 28.118365
6 24 18.532135
6 25 41.695370
6 26 38.986318
6 27 46.184637
6 28 34.860733
6 29 51.297686
7 0 5.795799
7 1 40.025804
7 2 39.063294
7 3 72.415470
7 4 50.477832
7 5 40.166092
7 6 34.376723
7 7 0.000000
7 8 17.639283
7 9 22.027057
7 10 34.324959
7 11 13.413532
7 12 25.379110
7 13 66.413909
7 14 16.722767
7 15 24.792841
7 16 23.528081
7 17 21.480390
7 18 31.849829
7 19 67.374048
7 20 0.483128
7 21 50.701158
7 22 48.001831
7 23 77.163588
7 24 38.838306
7 25 45.097134
7 26 36.434823
7 27 34.075100
7 28 40.032680
7 29 37.321849
8 0 5.065572
8 1 59.908359
8 2 34.205151
8 3 39.781323
8 4 59.816087
8 5 35.931056
8 6 40.900885
8 7 45.447004
8 8 0.000000
8 9 13.712432
8 10 37.192778
8 11 11.010348
8 12 26.130456
8 13 39.309316
8 14 32.527601
8 15 18.495850
8 16 33.621136
8 17 19.065885
8 18 35.554591
8 19 34.286237
8 20 0.489117
8 21 28.728110
8 22 70.804281
8 23 40.452760
8 24 42.240413
8 25 48.271424
8 26 27.516263
8 27 51.371825
8 28 55.603776
8 29 30.299973
9 0 4.634733
9 1 42.971785
9 2 39.457234
9 3 35.285986
9 4 38.539253
9 5 36.323126
9 6 32.796697
9 7 34.045781
9 8 34.498873
9 9 0.000000
9 10 25.012547
9 11 9.165674
9 12 27.207473
9 13 29.266534
9 14 31.474591
9 15 44.894398
9 16 21.092379
9 17 16.405276
9 18 32.249985
9 19 30.816905
9 20 0.494619
9 21 42.926925
9 22 40.168400
9 23 31.685734
9 24 28.284470
9 25 30.962499
9 26 31.604557
9 27 26.965386
9 28 33.871469
9 29 30.548463
10 0 4.111950
10 1 28.219767
10 2 43.909298
10 3 40.123826
10 4 49.228920
10 5 29.019497
10 6 36.201485
10 7 37.415068
10 8 42.687510
10 9 71.271096
10 10 0.000000
10 11 7.172546
10 12 22.918191
10 13 23.181916
10 14 42.475685
10 15 72.240854
10 16 21.527577
10 17 12.703083
10 18 41.881056
10 19 31.683341
10 20 0.497389
10 21 76.083007
10 22 22.817700
10 23 29.659751
10 24 25.385254
10 25 35.701066
10 26 18.324540
10 27 20.553463
10 28 50.048971
10 29 60.062779
11 0 3.777611
11 1 33.650268
11 2 19.424369
11 3 32.917673
11 4 56.437256
11 5 23.807736
11 6 26.432801
11 7 27.650133
11 8 24.564869
11 9 32.376447
11 10 25.042415
11 11 0.000000
11 12 18.124207
11 13 15.203915
11 14 58.463717
11 15 25.881180
11 16 24.278213
11 17 16.472928
11 18 32.798749
11 19 37.381056
11 20 0.502119
11 21 38.196707
11 22 25.778422
11 23 28.859360
11 24 20.597268
11 25 47.982062
11 26 18.754210
11 27 31.024794
11 28 25.577520
11 29 36.320610
12 0 3.439426
12 1 59.946032
12 2 16.574477
12 3 29.989732
12 4 26.659277
12 5 24.807798
12 6 29.896532
12 7 27.441372
12 8 24.481421
12 9 27.712247
12 10 28.805846
12 11 75.002754
12 12 0.000000
12 13 8.773300
12 14 63.315983
12 15 32.446074
12 16 18.231348
12 17 19.763012
12 18 57.584008
12 19 29.705544
12 20 0.506923
12 21 27.889514
12 22 24.206473
12 23 26.532458
12 24 14.044777
12 25 56.693574
12 26 24.470566
12 27 35.316291
12 28 36.180874
12 29 29.267759
13 0 3.269041
13 1 31.576481
13 2 17.522263
13 3 54.668856
13 4 20.946175
13 5 23.575161
13 6 27.723604
13 7 46.381776
13 8 19.193088
13 9 22.712428
13 10 23.814224
13 11 19.526010
13 12 25.901638
13 13 0.000000
13 14 21.747470
13 15 27.360818
13 16 19.566270
13 17 20.114636
13 18 37.580675
13 19 52.514135
13 20 0.506561
13 21 25.997967
13 22 36.048405
13 23 30.496488
13 24 11.859774
13 25 43.737137
13 26 22.593995
13 27 40.154556
13 28 39.757190
13 29 41.538455
14 0 2.877174
14 1 75.731330
14 2 14.027116
14 3 26.011188
14 4 28.908291
14 5 21.922977
14 6 26.147397
14 7 26.235388
14 8 34.691767
14 9 27.653415
14 10 27.647946
14 11 34.688324
14 12 20.893587
14 13 29.736292
14 14 0.000000
14 15 13.848255
14 16 2.242349
14 17 44.333502
14 18 58.607495
14 19 71.188839
14 20 0.620060
14 21 21.320754
14 22 33.466616
14 23 38.881510
14 24 9.782816
14 25 31.375703
14 26 33.462878
14 27 40.348469
14 28 63.331280
14 29 46.413598
15 0 2.637887
15 1 23.914430
15 2 33.505648
15 3 24.523218
15 4 46.361269
15 5 16.186474
15 6 22.612754
15 7 25.138775
15 8 27.742675
15 9 58.440908
15 10 41.941362
15 11 19.312037
15 12 24.366222
15 13 22.406188
15 14 31.282100
15 15 0.000000
15 16 2.132457
15 17 50.647282
15 18 66.502362
15 19 49.151616
15 20 0.615747
15 21 43.117562
15 22 19.591312
15 23 27.765080
15 24 10.183563
15 25 43.262548
15 26 33.021336
15 27 73.470852
15 28 38.067053
15 29 60.630605
16 0 2.493783
16 1 15.678117
16 2 36.138478
16 3 42.491176
16 4 28.285233
16 5 18.936594
16 6 16.404634
16 7 26.616306
16 8 37.755230
16 9 44.520794
16 10 27.405512
16 11 18.142081
16 12 28.496236
16 13 2.175162
16 14 65.023937
16 15 46.815609
16 16 0.000000
16 17 28.971390
16 18 46.988685
16 19 42.951542
16 20 0.620361
16 21 17.951995
16 22 21.613439
16 23 23.612588
16 24 13.267824
16 25 35.702889
16 26 62.979429
16 27 30.446458
16 28 39.528631
16 29 24.200607
17 0 2.359933
17 1 11.418603
17 2 41.926269
17 3 38.839025
17 4 38.879347
17 5 20.127764
17 6 17.709591
17 7 17.154618
17 8 30.084811
17 9 30.461051
17 10 25.451800
17 11 24.524365
17 12 24.682540
17 13 30.313550
17 14 2.423601
17 15 70.449879
17 16 60.159266
17 17 0.000000
17 18 23.981978
17 19 66.743643
17 20 0.620192
17 21 10.634537
17 22 27.875427
17 23 22.373678
17 24 23.353326
17 25 18.987343
17 26 68.371271
17 27 37.301270
17 28 25.913160
17 29 27.105493
18 0 2.253168
18 1 9.518059
18 2 48.235895
18 3 46.543389
18 4 35.826705
18 5 27.314847
18 6 17.561734
18 7 12.911987
18 8 70.261056
18 9 19.910679
18 10 29.697131
18 11 23.173462
18 12 32.225207
18 13 20.594840
18 14 2.620942
18 15 49.990513
18 16 46.399221
18 17 60.758836
18 18 0.000000
18 19 22.565793
18 20 0.618430
18 21 11.437534
18 22 28.294391
18 23 19.217536
18 24 21.401694
18 25 18.709871
18 26 23.638405
18 27 47.774381
18 28 70.549418
18 29 33.189612
19 0 2.159210
19 1 8.224480
19 2 32.001953
19 3 71.020082
19 4 35.960013
19 5 28.999433
19 6 14.385041
19 7 25.821589
19 8 26.852826
19 9 21.137236
19 10 31.601224
19 11 25.954851
19 12 33.356959
19 13 34.887991
19 14 2.526093
19 15 52.077278
19 16 42.763239
19 17 45.563517
19 18 75.559431
19 19 0.000000
19 20 0.605415
19 21 12.123878
19 22 28.827624
19 23 19.567001
19 24 16.728903
19 25 26.530108
19 26 18.117631
19 27 53.415654
19 28 43.326006
19 29 42.351307
20 0 2.019667
20 1 7.590429
20 2 33.650268
20 3 29.593204
20 4 40.134576
20 5 36.185244
20 6 15.779687
20 7 0.484421
20 8 54.851882
20 9 45.249903
20 10 65.397031
20 11 51.030563
20 12 44.289498
20 13 41.148867
20 14 33.263839
20 15 36.229002
20 16 60.372283
20 17 66.752141
20 18 35.032524
20 19 29.854822
20 20 0.000000
20 21 8.844526
20 22 37.375060
20 23 18.617355
20 24 21.002604
20 25 14.843731
20 26 32.815685
20 27 30.810566
20 28 36.841262
20 29 41.439959
21 0 1.981189
21 1 6.260230
21 2 27.975828
21 3 26.155224
21 4 55.263835
21 5 34.665961
21 6 16.387969
21 7 0.490265
21 8 44.255851
21 9 59.228197
21 10 53.582156
21 11 40.437160
21 12 37.567211
21 13 29.789514
21 14 27.263358
21 15 66.969567
21 16 22.328893
21 17 21.201986
21 18 41.047386
21 19 43.065322
21 20 31.470812
21 21 0.000000
21 22 23.288492
21 23 15.119404
21 24 19.144380
21 25 17.602713
21 26 44.795625
21 27 24.674408
21 28 54.071213
21 29 31.559850
22 0 1.835930
22 1 6.802089
22 2 23.380403
22 3 22.040715
22 4 51.040498
22 5 45.178741
22 6 18.511687
22 7 0.490858
22 8 44.168236
22 9 44.321322
22 10 37.813776
22 11 40.217701
22 12 36.171513
22 13 34.578509
22 14 36.778590
22 15 28.378625
22 16 20.145359
22 17 28.129302
22 18 45.331085
22 19 66.233522
22 20 34.273350
22 21 45.415510
22 22 0.000000
22 23 12.705700
22 24 12.967556
22 25 21.703582
22 26 47.857237
22 27 37.367069
22 28 39.384615
22 29 34.083960
23 0 1.749478
23 1 6.561310
23 2 19.855633
23 3 31.712087
23 4 29.815773
23 5 32.694947
23 6 21.943852
23 7 0.498172
23 8 37.650844
23 9 25.838451
23 10 38.988492
23 11 30.103380
23 12 34.572239
23 13 75.285468
23 14 30.522676
23 15 18.902287
23 16 27.487050
23 17 19.477227
23 18 38.072581
23 19 75.534937
23 20 30.176586
23 21 50.749008
23 22 42.851492
23 23 0.000000
23 24 9.760551
23 25 23.999268
23 26 28.649226
23 27 44.893437
23 28 55.210004
23 29 35.290736
24 0 1.630870
24 1 6.325811
24 2 24.024011
24 3 22.590101
24 4 26.235060
24 5 33.460208
24 6 31.668509
24 7 0.501850
24 8 32.123030
24 9 25.411708
24 10 20.652847
24 11 24.835414
24 12 25.738558
24 13 24.516337
24 14 19.690644
24 15 35.168232
24 16 70.921610
24 17 49.181586
24 18 26.297896
24 19 41.123046
24 20 58.850905
24 21 29.467212
24 22 20.466809
24 23 35.168822
24 24 0.000000
24 25 16.771447
24 26 49.034394
24 27 29.542345
24 28 61.690013
24 29 30.523120
25 0 1.588421
25 1 6.089857
25 2 18.329025
25 3 20.971101
25 4 37.757269
25 5 25.498219
25 6 37.744358
25 7 0.503317
25 8 41.898627
25 9 16.911971
25 10 28.722208
25 11 29.429169
25 12 21.298451
25 13 33.317743
25 14 17.542049
25 15 33.171763
25 16 33.992803
25 17 23.083168
25 18 34.854940
25 19 43.532860
25 20 24.327498
25 21 35.410509
25 22 43.526535
25 23 49.030955
25 24 38.214107
25 25 0.000000
25 26 21.042855
25 27 31.446745
25 28 42.229355
25 29 53.886428
26 0 1.519018
26 1 5.377216
26 2 23.205001
26 3 20.522287
26 4 37.746396
26 5 39.595053
26 6 51.117633
26 7 0.501166
26 8 31.630298
26 9 21.562771
26 10 19.758171
26 11 26.884841
26 12 26.732339
26 13 30.102084
26 14 20.288017
26 15 37.833559
26 16 55.339666
26 17 28.583625
26 18 17.108156
26 19 28.794376
26 20 62.742019
26 21 43.707968
26 22 32.306123
26 23 38.100941
26 24 54.859056
26 25 41.436684
26 26 0.000000
26 27 20.188217
26 28 47.767852
26 29 50.476617
27 0 1.456804
27 1 5.287840
27 2 26.381925
27 3 18.091842
27 4 80.498695
27 5 34.358700
27 6 37.654224
27 7 0.500938
27 8 55.241999
27 9 14.811128
27 10 15.686326
27 11 39.952601
27 12 37.506072
27 13 28.529575
27 14 25.947465
27 15 34.012650
27 16 38.753617
27 17 25.756893
27 18 23.678707
27 19 20.721822
27 20 40.930421
27 21 55.233269
27 22 61.682755
27 23 34.127223
27 24 41.100480
27 25 47.813593
27 26 41.281707
27 27 0.000000
27 28 29.362829
27 29 38.854136
28 0 1.418913
28 1 4.851071
28 2 33.148692
28 3 19.262547
28 4 43.975592
28 5 39.723302
28 6 54.592008
28 7 0.500007
28 8 44.931911
28 9 13.260860
28 10 16.752958
28 11 35.385415
28 12 32.918706
28 13 45.887532
28 14 25.212518
28 15 39.903189
29 0 1.378344
29 1 4.870268
29 2 28.228884
29 3 23.366856
29 4 35.990252
29 5 43.234899
29 6 66.811686
29 7 0.498552
29 8 33.042147
29 9 13.418681
29 10 20.799714
29 11 25.165925
29 12 43.899188
29 13 42.918140
29 14 32.078807
29 15 33.546381
29 16 18.987343
29 17 25.218885
29 18 44.207340
29 19 32.063603
29 20 26.094366
29 21 64.197876
29 22 36.289813
29 23 44.930948
29 24 41.310982
29 25 62.007392
29 26 45.937790
29 27 54.068425
29 28 60.585064
29 29 0.000000
28 16 43.439082
28 17 17.771872
28 18 36.078172
28 19 26.379602
28 20 34.251519
28 21 43.794679
28 22 46.300879
28 23 40.662181
28 24 42.570530
28 25 34.612751
28 26 56.699705
28 27 59.715596
28 28 0.000000
28 29 27.453946
