0 0 0.000000
0 1 4.086677
0 2 791.975831
0 3 992.969697
0 4 1044.398406
0 5 13.909057
0 6 1032.062992
0 7 0.311572
0 8 1424.695652
0 9 1971.007519
0 10 1638.400000
0 11 1885.928058
0 12 1680.410256
0 13 1899.594203
0 14 1846.084507
0 15 1956.298507
0 16 1820.444444
0 17 1846.084507
0 18 1899.594203
0 19 768.750733
0 20 7.806087
0 21 1846.084507
0 22 1807.889655
0 23 1846.084507
0 24 1820.444444
0 25 1833.174825
0 26 537.180328
0 27 1551.147929
0 28 1872.457143
0 29 1036.142292
1 0 4.143325
1 1 0.000000
1 2 11.481430
1 3 24.520064
1 4 1032.062992
1 5 1044.398406
1 6 22.418883
1 7 214.169935
1 8 0.304008
1 9 0.305749
1 10 1515.283237
1 11 1159.929204
1 12 1310.720000
1 13 1846.084507
1 14 1899.594203
1 15 1859.177305
1 16 1691.251613
1 17 1759.355705
1 18 1833.174825
1 19 801.663609
1 20 1985.939394
1 21 2097.152000
1 22 1956.298507
1 23 2001.099237
1 24 2016.492308
1 25 873.813333
1 26 2001.099237
1 27 2148.721311
1 28 2064.125984
1 29 8.661336
2 0 3.306601
2 1 5349.877551
2 2 0.000000
2 3 10.409975
2 4 33.428207
2 5 210.051282
2 6 38.030466
2 7 56.109589
2 8 0.310785
2 9 0.302490
2 10 7.888063
2 11 3.588801
2 12 6553.600000
2 13 7489.828571
2 14 2912.711111
2 15 7710.117647
2 16 0.332229
2 17 2427.259259
2 18 5957.818182
2 19 6241.523810
2 20 5957.818182
2 21 14.522409
2 22 2496.609524
2 23 5825.422222
2 24 0.078960
2 25 27.994874
2 26 5957.818182
2 27 2674.938776
2 28 7281.777778
2 29 2595.485149
3 0 3.175425
3 1 18.313819
3 2 5349.877551
3 3 0.000000
3 4 12.940271
3 5 22.230665
3 6 54.364164
3 7 44.184055
3 8 0.316653
3 9 0.302236
3 10 6.754896
3 11 3.464855
3 12 26.091769
3 13 74.072902
3 14 38.392501
3 15 2016.492308
3 16 1254.277512
3 17 0.336774
3 18 71.702407
3 19 5957.818182
3 20 228.946725
3 21 22.304433
3 22 43.030860
3 23 5957.818182
3 24 0.079343
3 25 27.005666
3 26 20.813339
3 27 71.312296
3 28 2674.938776
3 29 3640.888889
4 0 2.874670
4 1 12.152049
4 2 26.856265
4 3 1736.052980
4 4 0.000000
4 5 10.772303
4 6 26.175137
4 7 61.006283
4 8 0.320986
4 9 0.301188
4 10 8.345346
4 11 0.290143
4 12 2032.124031
4 13 2131.252033
4 14 2080.507937
4 15 2473.056604
4 16 2473.056604
4 17 2361.657658
4 18 2496.609524
4 19 2221.559322
4 20 2570.039216
4 21 40.510586
4 22 12.489590
4 23 128.944417
4 24 0.080101
4 25 17.126878
4 26 20.397137
4 27 29.704703
4 28 82.461151
4 29 81.234583
5 0 3.080061
5 1 12.006779
5 2 17.212344
5 3 21.847154
5 4 5041.230769
5 5 0.000000
5 6 12.860914
5 7 27.591201
5 8 0.324350
5 9 0.302084
5 10 6.364881
5 11 0.293559
5 12 6.688883
5 13 2570.039216
5 14 18.676546
5 15 2621.440000
5 16 7084.972973
5 17 7489.828571
5 18 6898.526316
5 19 8.777339
5 20 6241.523810
5 21 4032.984615
5 22 5825.422222
5 23 0.061676
5 24 5825.422222
5 25 2595.485149
5 26 6096.372093
5 27 6241.523810
5 28 6553.600000
5 29 5957.818182
6 0 2.695291
6 1 21.335070
6 2 22.262760
6 3 16.260017
6 4 26.280100
6 5 5825.422222
6 6 0.000000
6 7 13.273114
6 8 0.325878
6 9 0.302440
6 10 2.514016
6 11 0.315747
6 12 5.613482
6 13 15.123111
6 14 5698.782609
6 15 16.751486
6 16 5461.333333
6 17 111.030919
6 18 6898.526316
6 19 115.941619
6 20 12.179715
6 21 223.672355
6 22 221.218565
6 23 0.061515
6 24 5242.880000
6 25 7084.972973
6 26 7084.972973
6 27 7281.777778
6 28 6721.641026
6 29 3591.013699
7 0 2.291408
7 1 17.658740
7 2 15.814672
7 3 21.178219
7 4 23.905161
7 5 32.641514
7 6 3276.800000
7 7 0.000000
7 8 0.323917
7 9 0.302141
7 10 6.679679
7 11 0.291205
7 12 8.321239
7 13 6.484860
7 14 20.973198
7 15 231.985841
7 16 23.909522
7 17 49.044715
7 18 60.864639
7 19 1807.889655
7 20 27.722504
7 21 40.236992
7 22 2702.515464
7 23 0.061783
7 24 6.627497
7 25 2818.752688
7 26 3449.263158
7 27 3449.263158
7 28 3971.878788
7 29 1669.707006
8 0 0.270853
8 1 2048.000000
8 2 2221.559322
8 3 2148.721311
8 4 2449.943925
8 5 2570.039216
8 6 2202.890756
8 7 1266.396135
8 8 0.000000
8 9 0.296508
8 10 6.929160
8 11 0.291458
8 12 7.172399
8 13 6.723710
8 14 10.873735
8 15 122.497196
8 16 27.318049
8 17 58.645190
8 18 43.690667
8 19 49.109030
8 20 1899.594203
8 21 15.780400
8 22 2240.547009
8 23 0.062077
8 24 6.146113
8 25 13.559406
8 26 61.363296
8 27 2080.507937
8 28 2202.890756
8 29 135.474935
9 0 0.271547
9 1 0.306204
9 2 4946.113208
9 3 6898.526316
9 4 2912.711111
9 5 6553.600000
9 6 4096.000000
9 7 5461.333333
9 8 18.122641
9 9 0.000000
9 10 6.368747
9 11 0.291041
9 12 7.683001
9 13 6.451664
9 14 9.497971
9 15 27.033516
9 16 21.679127
9 17 28.531128
9 18 40.113849
9 19 44.787972
9 20 37.395720
9 21 114.373473
9 22 32.015633
9 23 0.062367
9 24 5.981063
9 25 16.558903
9 26 15.735879
9 27 23.768610
9 28 5825.422222
9 29 2912.711111
10 0 0.274048
10 1 0.291753
10 2 4161.015873
10 3 2730.666667
10 4 74.282800
10 5 2759.410526
10 6 6553.600000
10 7 6393.756098
10 8 279.173589
10 9 2595.485149
10 10 0.000000
10 11 0.285881
10 12 7.664805
10 13 6.100486
10 14 10.636371
10 15 14.910642
10 16 13.905368
10 17 17.428628
10 18 28.995023
10 19 5577.531915
10 20 20.330696
10 21 2730.666667
10 22 50.402615
10 23 0.062612
10 24 2.381936
10 25 5349.877551
10 26 6241.523810
10 27 6393.756098
10 28 6393.756098
10 29 6096.372093
11 0 0.272297
11 1 0.287878
11 2 3.527139
11 3 0.320926
11 4 1379.705263
11 5 1659.139241
11 6 1365.333333
11 7 1691.251613
11 8 1899.594203
11 9 1691.251613
11 10 1927.529412
11 11 0.000000
11 12 5.295838
11 13 5.943769
11 14 9.342267
11 15 11.604427
11 16 14.409058
11 17 18.768812
11 18 26.399194
11 19 26.193445
11 20 28.873665
11 21 48.789131
11 22 1036.142292
11 23 0.062822
11 24 2.364640
11 25 9.171326
11 26 1524.093023
11 27 1833.174825
11 28 1771.243243
11 29 94.093324
12 0 0.271648
12 1 0.291262
12 2 2.757785
12 3 37.958876
12 4 0.314226
12 5 1669.707006
12 6 2166.479339
12 7 2340.571429
12 8 2361.657658
12 9 2299.508772
12 10 1310.720000
12 11 1524.093023
12 12 0.000000
12 13 4.257243
12 14 10.016201
12 15 9.714074
12 16 17.595919
12 17 13.948281
12 18 20.621775
12 19 21.611212
12 20 27.944142
12 21 23.047653
12 22 2184.533333
12 23 0.063090
12 24 2.370585
12 25 8.748048
12 26 17.547627
12 27 40.819682
12 28 1659.139241
12 29 130.549801
13 0 0.273036
13 1 0.289811
13 2 2.939922
13 3 22.308229
13 4 0.316633
13 5 7.911870
13 6 21.110002
13 7 6096.372093
13 8 2880.703297
13 9 6553.600000
13 10 6241.523810
13 11 3449.263158
13 12 3591.013699
13 13 0.000000
13 14 5.711323
13 15 9.983015
13 16 12.202961
13 17 13.246286
13 18 22.413133
13 19 25.399089
13 20 16.442577
13 21 23.260337
13 22 49.423831
13 23 0.063347
13 24 2.336358
13 25 3.569013
13 26 5577.531915
13 27 7489.828571
13 28 6721.641026
13 29 3276.800000
14 0 0.272409
14 1 0.290090
14 2 2.879627
14 3 15.848135
14 4 0.318791
14 5 9.482510
14 6 11.089002
14 7 11.849923
14 8 209.380192
14 9 1648.704403
14 10 87.177918
14 11 1236.528302
14 12 334.367347
14 13 1134.822511
14 14 0.000000
14 15 6.586367
14 16 12.357705
14 17 12.516425
14 18 14.096037
14 19 18.876935
14 20 25.223131
14 21 23.502241
14 22 30.471231
14 23 0.063514
14 24 2.347782
14 25 3.643368
14 26 10.859321
14 27 1358.259067
14 28 1092.266667
14 29 1180.828829
15 0 0.273019
15 1 0.289082
15 2 2.958803
15 3 11.912929
15 4 0.320636
15 5 6.354698
15 6 20.004884
15 7 15.124856
15 8 17.068889
15 9 37.417071
15 10 3360.820513
15 11 27.696144
15 12 215.756379
15 13 6241.523810
15 14 3236.345679
15 15 0.000000
15 16 6.317332
15 17 18.019247
15 18 14.698290
15 19 11.857427
15 20 25.870325
15 21 30.344253
15 22 19.726390
15 23 0.063674
15 24 2.328741
15 25 3.700560
15 26 11.636880
15 27 15.258673
15 28 70.148247
15 29 1846.084507
16 0 0.269865
16 1 0.289713
16 2 2.903549
16 3 11.830671
16 4 0.320562
16 5 6.644295
16 6 9.509686
16 7 21.302129
16 8 22.133063
16 9 21.455557
16 10 16.442577
16 11 2097.152000
16 12 27.605729
16 13 2166.479339
16 14 57.462516
16 15 1497.965714
16 16 0.000000
16 17 8.265094
16 18 18.723234
16 19 12.534978
16 20 16.004884
16 21 22.378692
16 22 23.593196
16 23 0.063765
16 24 2.363361
16 25 3.671125
16 26 11.323715
16 27 16.824594
16 28 17.648041
16 29 49.818320
17 0 0.269390
17 1 0.289240
17 2 0.300948
17 3 2016.492308
17 4 4.622862
17 5 6.485181
17 6 8.622874
17 7 20.032401
17 8 18.731261
17 9 14.559511
17 10 15.786101
17 11 36.287929
17 12 48.392837
17 13 85.864396
17 14 117.290380
17 15 29.534024
17 16 1440.351648
17 17 0.000000
17 18 10.133519
17 19 12.612779
17 20 24.194186
17 21 14.469504
17 22 26.505966
17 23 0.063844
17 24 2.363894
17 25 3.653677
17 26 11.972232
17 27 14.188352
17 28 18.836243
17 29 20.605565
18 0 0.270744
18 1 0.288977
18 2 0.300674
18 3 18.921900
18 4 6.054553
18 5 6.447379
18 6 8.131774
18 7 16.776142
18 8 19.794911
18 9 12.155430
18 10 14.685116
18 11 29.276748
18 12 44.461330
18 13 26.081385
18 14 81.843272
18 15 267.221203
18 16 35.660999
18 17 1170.285714
18 18 0.000000
18 19 8.023506
18 20 20.651016
18 21 18.365139
18 22 22.565550
18 23 0.063928
18 24 2.324219
18 25 0.308035
18 26 1899.594203
18 27 2131.252033
18 28 2279.513043
18 29 2240.547009
19 0 0.271872
19 1 0.288975
19 2 0.301501
19 3 14.093006
19 4 6.532370
19 5 6.320378
19 6 8.563439
19 7 13.949766
19 8 17.447188
19 9 13.292632
19 10 12.493757
19 11 20.959783
19 12 26.076196
19 13 42.854994
19 14 17.979698
19 15 5140.078431
19 16 74.198698
19 17 30.800611
19 18 2759.410526
19 19 0.000000
19 20 10.146070
19 21 20.833188
19 22 21.903743
19 23 0.063998
19 24 2.299509
19 25 0.306184
19 26 20.177340
19 27 81.537792
19 28 5349.877551
19 29 1833.174825
20 0 0.267042
20 1 0.289149
20 2 0.301274
20 3 14.281107
20 4 6.602458
20 5 3.937515
20 6 19.826350
20 7 19.529464
20 8 13.300051
20 9 12.238853
20 10 14.004915
20 11 16.575656
20 12 22.571379
20 13 41.024100
20 14 26.556985
20 15 22.420801
20 16 2131.252033
20 17 42.862001
20 18 46.504169
20 19 2048.000000
20 20 0.000000
20 21 9.337608
20 22 25.376960
20 23 0.064063
20 24 2.364939
20 25 0.305254
20 26 16.597695
20 27 33.195391
20 28 30.457070
20 29 107.612479
21 0 0.263937
21 1 0.296955
21 2 0.298810
21 3 19.122037
21 4 7.395588
21 5 3.859315
21 6 15.979518
21 7 14.705711
21 8 13.998932
21 9 15.639184
21 10 12.989644
21 11 15.101331
21 12 20.311793
21 13 18.882374
21 14 39.845569
21 15 46.811429
21 16 21.689889
21 17 612.485981
21 18 45.251856
21 19 35.836500
21 20 2702.515464
21 21 0.000000
21 22 11.531430
21 23 0.064163
21 24 0.300251
21 25 2.653038
21 26 15.709474
21 27 17.061113
21 28 26.757579
21 29 42.750163
22 0 0.263388
22 1 0.294819
22 2 0.297430
22 3 13.945313
22 4 9.900072
22 5 3.836329
22 6 14.106657
22 7 13.696134
22 8 14.043930
22 9 16.993647
22 10 14.875951
22 11 14.512761
22 12 13.481306
22 13 21.173088
22 14 31.000946
22 15 27.238570
22 16 30.288157
22 17 42.673612
22 18 79.461655
22 19 51.140070
22 20 34.868848
22 21 2319.858407
22 22 0.000000
22 23 0.064065
22 24 0.062551
22 25 2064.125984
22 26 2221.559322
22 27 2383.127273
22 28 2240.547009
22 29 2383.127273
23 0 0.265285
23 1 0.295760
23 2 0.296905
23 3 12.766961
23 4 8.346409
23 5 0.060987
23 6 2496.609524
23 7 6096.372093
23 8 6721.641026
23 9 6096.372093
23 10 5957.818182
23 11 5461.333333
23 12 5825.422222
23 13 5242.880000
23 14 5577.531915
23 15 5957.818182
23 16 5825.422222
23 17 6241.523810
23 18 5957.818182
23 19 6096.372093
23 20 5825.422222
23 21 6241.523810
23 22 3013.149425
23 23 0.000000
23 24 0.061850
23 25 17.215735
23 26 74.578663
23 27 116.404973
23 28 6898.526316
23 29 2202.890756
24 0 0.262836
24 1 0.295203
24 2 0.062505
24 3 2148.721311
24 4 1833.174825
24 5 0.250437
24 6 5.098491
24 7 50.056139
24 8 40.360893
24 9 4.724252
24 10 2114.064516
24 11 2114.064516
24 12 2064.125984
24 13 2520.615385
24 14 2449.943925
24 15 2184.533333
24 16 2383.127273
24 17 1985.939394
24 18 2064.125984
24 19 2221.559322
24 20 0.335851
24 21 1202.495413
24 22 0.078869
24 23 2114.064516
24 24 0.000000
24 25 12.426831
24 26 19.667192
24 27 33.453803
24 28 82.565039
24 29 1416.994595
25 0 0.261402
25 1 0.295444
25 2 0.062373
25 3 33.140834
25 4 225.986207
25 5 0.254484
25 6 7.027801
25 7 6.363182
25 8 256.250244
25 9 243.628253
25 10 3.418452
25 11 136.604482
25 12 6.662871
25 13 2340.571429
25 14 2449.943925
25 15 2496.609524
25 16 2383.127273
25 17 14.692523
25 18 0.336824
25 19 2114.064516
25 20 2202.890756
25 21 2299.508772
25 22 0.080952
25 23 61.148589
25 24 2299.508772
25 25 0.000000
25 26 11.167895
25 27 21.452046
25 28 29.398228
25 29 123.886578
26 0 0.262193
26 1 0.295403
26 2 0.062286
26 3 22.590831
26 4 43.836789
26 5 0.257907
26 6 6.152460
26 7 8.092862
26 8 14.717269
26 9 242.277264
26 10 5.061574
26 11 9.960635
26 12 68.606124
26 13 5.731803
26 14 220.474348
26 15 278.580234
26 16 1638.400000
26 17 1351.257732
26 18 0.337645
26 19 27.672754
26 20 2064.125984
26 21 136.178701
26 22 0.081452
26 23 13.029673
26 24 141.165320
26 25 2064.125984
26 26 0.000000
26 27 10.990441
26 28 23.885558
26 29 28.160275
29 0 0.261708
29 1 0.294201
29 2 0.062321
29 3 13.157858
29 4 17.241778
29 5 0.262847
29 6 7.131036
29 7 6.712691
29 8 12.103795
29 9 13.513971
29 10 7.246952
29 11 12.274958
29 12 14.765349
29 13 9.587945
29 14 12.716178
29 15 15.011396
29 16 25.710475
29 17 29.812806
29 18 0.361802
29 19 13.525824
29 20 15.242703
29 21 29.240825
29 22 0.082282
29 23 12.625536
29 24 14.771173
29 25 19.474333
29 26 23.805303
29 27 28.819701
29 28 2259.862069
29 29 0.000000
27 0 0.261405
27 1 0.294877
27 2 0.062279
27 3 14.321678
27 4 37.958876
27 5 0.260372
27 6 7.002270
27 7 6.812651
27 8 12.034339
27 9 22.306331
27 10 6.921111
27 11 9.645803
27 12 20.636385
27 13 8.279713
27 14 12.104354
27 15 239.400913
27 16 121.250694
27 17 259.805748
27 18 0.346464
27 19 17.063334
27 20 26.897599
27 21 1628.223602
27 22 0.081794
27 23 12.226295
27 24 23.850787
27 25 41.224092
27 26 2221.559322
27 27 0.000000
27 28 10.843599
27 29 22.403555
28 0 0.260664
28 1 0.294516
28 2 0.062291
28 3 13.355614
28 4 21.200485
28 5 0.262199
28 6 6.920380
28 7 6.731998
28 8 12.627360
28 9 13.215568
28 10 8.563439
28 11 9.399211
28 12 15.389456
28 13 9.559624
28 14 12.757020
28 15 16.394246
28 16 112.944421
28 17 60.653401
28 18 0.355250
28 19 13.150597
28 20 22.727935
28 21 28.962988
28 22 0.082161
28 23 12.098768
28 24 17.187516
28 25 23.616577
28 26 33.007303
28 27 1807.889655
28 28 0.000000
28 29 11.183141
