0 0 3992.673965
0 1 33.222999
0 2 43.123769
0 3 46.584744
0 4 47.330426
0 5 38.080705
0 6 41.465769
0 7 131.061761
0 8 145.784884
0 9 58.213392
0 10 124.515482
0 11 36.440996
0 12 52.441255
0 13 31.429190
0 14 48.944845
0 15 35.225531
0 16 30.412239
0 17 35.261512
0 18 32.011357
0 19 29.942953
0 20 53.914134
0 21 79.456386
0 22 101.545933
0 23 91.684788
0 24 92.645734
0 25 62.224029
0 26 132.973100
0 27 110.585952
0 28 150.266153
0 29 130.941059
1 0 129.003906
1 1 8783.882723
1 2 77.345725
1 3 136.278255
1 4 53.022989
1 5 121.178880
1 6 49.470758
1 7 41.570362
1 8 69.576896
1 9 57.683397
1 10 47.461374
1 11 48.807014
1 12 104.928427
1 13 96.455151
1 14 157.701352
1 15 51.991422
1 16 54.755569
1 17 63.631046
1 18 36.183995
1 19 96.260348
1 20 61.579516
1 21 98.536485
1 22 85.777473
1 23 153.230578
1 24 84.200147
1 25 135.621684
1 26 130.203300
1 27 154.477800
1 28 138.254767
1 29 124.537664
2 0 137.353790
2 1 58.121834
2 2 9393.737962
2 3 49.550241
2 4 136.646761
2 5 75.595519
2 6 46.925600
2 7 68.101512
2 8 65.424064
2 9 63.214354
2 10 134.262840
2 11 59.597229
2 12 63.560654
2 13 62.353998
2 14 77.261665
2 15 42.235521
2 16 156.755391
2 17 56.113718
2 18 26.353994
2 19 152.168774
2 20 42.661893
2 21 132.958347
2 22 150.961129
2 23 110.717314
2 24 55.061786
2 25 144.456828
2 26 123.139145
2 27 54.313478
2 28 109.807158
2 29 158.434057
3 0 60.853601
3 1 129.138951
3 2 39.460204
3 3 7921.254013
3 4 32.894051
3 5 33.931890
3 6 105.350112
3 7 74.917015
3 8 66.326739
3 9 80.122716
3 10 63.587153
3 11 53.318214
3 12 94.920600
3 13 37.554429
3 14 95.893916
3 15 58.006887
3 16 65.616996
3 17 47.756158
3 18 49.904565
3 19 70.442188
3 20 49.926841
3 21 106.900740
3 22 105.693903
3 23 64.171356
3 24 112.333387
3 25 144.805938
3 26 142.143658
3 27 136.840690
3 28 78.685001
3 29 156.226986
4 0 139.661161
4 1 94.785460
4 2 53.357894
4 3 28.614241
4 4 7796.104089
4 5 43.032847
4 6 93.832304
4 7 108.175896
4 8 84.353398
4 9 43.129533
4 10 39.403300
4 11 61.030251
4 12 33.695549
4 13 57.329388
4 14 96.057530
4 15 55.041915
4 16 82.134158
4 17 78.265812
4 18 61.356115
4 19 66.738864
4 20 62.344729
4 21 88.849196
4 22 54.202579
4 23 53.355519
4 24 49.643196
4 25 101.525041
4 26 130.757365
4 27 134.138318
4 28 55.074077
4 29 50.778806
5 0 81.526697
5 1 104.221847
5 2 147.357282
5 3 56.527389
5 4 21.709086
5 5 5405.030928
5 6 46.384084
5 7 63.798488
5 8 88.774915
5 9 90.762226
5 10 69.977960
5 11 45.102710
5 12 67.237961
5 13 93.244053
5 14 144.270496
5 15 70.073828
5 16 124.077151
5 17 58.689503
5 18 140.524466
5 19 128.234805
5 20 162.642418
5 21 96.583975
5 22 52.935659
5 23 34.569532
5 24 129.061464
5 25 70.838362
5 26 57.878814
5 27 32.003296
5 28 151.882240
5 29 73.927329
6 0 60.277278
6 1 118.583658
6 2 115.125341
6 3 39.209180
6 4 35.485406
6 5 18.085289
6 6 14588.883478
6 7 93.868003
6 8 38.734112
6 9 183.021512
6 10 38.040468
6 11 74.771441
6 12 117.313344
6 13 73.599130
6 14 88.816271
6 15 166.977348
6 16 12.922151
6 17 42.553470
6 18 61.820492
6 19 39.542420
6 20 41.928365
6 21 46.106199
6 22 43.170818
6 23 39.339549
6 24 55.233633
6 25 56.921701
6 26 55.523176
6 27 169.367603
6 28 93.291755
6 29 57.150114
7 0 130.434096
7 1 48.519634
7 2 87.941041
7 3 114.116748
7 4 23.455649
7 5 36.430709
7 6 15.274009
7 7 4140.477789
7 8 13.127527
7 9 100.482829
7 10 144.783445
7 11 31.594558
7 12 109.593405
7 13 95.804111
7 14 57.504271
7 15 51.002019
7 16 75.213241
7 17 43.517278
7 18 40.455492
7 19 30.427683
7 20 35.646148
7 21 30.308074
7 22 29.293924
7 23 36.599352
7 24 24.057633
7 25 49.003172
7 26 27.064391
7 27 53.886082
7 28 38.129516
7 29 57.492053
8 0 146.730943
8 1 92.604824
8 2 62.782873
8 3 57.135322
8 4 44.753086
8 5 60.919890
8 6 25.817854
8 7 13.538223
8 8 4396.545073
8 9 39.879476
8 10 154.270413
8 11 78.426791
8 12 37.541488
8 13 12.262702
8 14 90.654332
8 15 46.647693
8 16 122.078265
8 17 39.281888
8 18 109.458982
8 19 30.545571
8 20 28.773931
8 21 28.450619
8 22 34.509375
8 23 36.700068
8 24 29.106191
8 25 47.270949
8 26 44.600328
8 27 48.162782
8 28 37.857633
8 29 44.802324
9 0 52.900607
9 1 38.620873
9 2 49.960442
9 3 97.079134
9 4 54.627204
9 5 51.232521
9 6 28.206009
9 7 26.374211
9 8 11.873119
9 9 22489.565684
9 10 46.883114
9 11 54.607290
9 12 34.840318
9 13 53.168844
9 14 21.208793
9 15 55.462971
9 16 71.441658
9 17 74.493890
9 18 69.890506
9 19 84.399227
9 20 101.152876
9 21 74.139023
9 22 47.825042
9 23 42.986538
9 24 44.258886
9 25 68.456080
9 26 44.557922
9 27 56.534627
9 28 85.838037
9 29 80.076825
10 0 148.145804
10 1 97.867420
10 2 168.473008
10 3 64.409340
10 4 39.050565
10 5 40.861239
10 6 37.283696
10 7 19.332465
10 8 21.425308
10 9 10.651714
10 10 3749.936522
10 11 64.555562
10 12 16.402870
10 13 70.125963
10 14 72.847499
10 15 39.597483
10 16 24.338509
10 17 68.727535
10 18 72.991386
10 19 65.736805
10 20 61.110279
10 21 30.069066
10 22 35.944296
10 23 60.786134
10 24 33.659855
10 25 55.748260
10 26 50.147107
10 27 47.328556
10 28 28.415346
10 29 49.424996
11 0 40.109629
11 1 60.942019
11 2 58.342141
11 3 76.730220
11 4 91.294640
11 5 165.795873
11 6 45.487666
11 7 40.653314
11 8 38.432254
11 9 20.819124
11 10 9.671459
11 11 6842.257749
11 12 14.787942
11 13 107.053536
11 14 97.354038
11 15 70.804879
11 16 84.618026
11 17 22.718763
11 18 65.422023
11 19 51.904564
11 20 30.930419
11 21 55.943447
11 22 8.638698
11 23 72.990116
11 24 112.210171
11 25 58.710862
11 26 114.728558
11 27 55.952776
11 28 37.943252
11 29 117.867191
12 0 126.976992
12 1 104.311270
12 2 92.032826
12 3 97.803521
12 4 52.694909
12 5 96.952348
12 6 39.178232
12 7 20.492408
12 8 22.762780
12 9 22.379647
12 10 17.696664
12 11 8.860519
12 12 20311.399516
12 13 45.715232
12 14 67.216410
12 15 142.911309
12 16 16.927259
12 17 55.164620
12 18 38.479853
12 19 18.217610
12 20 39.640520
12 21 61.743138
12 22 8.796696
12 23 92.446639
12 24 96.875092
12 25 59.090517
12 26 50.575218
12 27 45.247706
12 28 39.793967
12 29 68.898573
13 0 134.880260
13 1 57.963599
13 2 75.023548
13 3 44.578996
13 4 56.524723
13 5 70.629609
13 6 58.768034
13 7 23.457289
13 8 29.438774
13 9 23.859538
13 10 16.250158
13 11 17.519774
13 12 8.090661
13 13 7557.304505
13 14 55.687936
13 15 45.369823
13 16 71.385726
13 17 22.823598
13 18 48.651893
13 19 81.357489
13 20 11.223539
13 21 49.698489
13 22 9.978230
13 23 89.259502
13 24 53.634572
13 25 103.305436
13 26 99.838233
13 27 90.413969
13 28 43.815724
13 29 83.673549
14 0 137.576803
14 1 149.006306
14 2 120.347876
14 3 89.103064
14 4 102.363763
14 5 136.506672
14 6 51.219382
14 7 41.114178
14 8 28.766136
14 9 33.169795
14 10 24.926850
14 11 26.824575
14 12 14.968965
14 13 7.479144
14 14 10192.719320
14 15 59.828885
14 16 25.481102
14 17 56.850335
14 18 54.597338
14 19 53.410213
14 20 108.514540
14 21 101.749163
14 22 4.973506
14 23 75.558750
14 24 44.127344
14 25 95.181237
14 26 85.697730
14 27 71.422801
14 28 75.446621
14 29 90.206876
15 0 58.342952
15 1 141.191456
15 2 136.260546
15 3 10.391676
15 4 59.995337
15 5 56.618192
15 6 100.876751
15 7 60.207193
15 8 24.391019
15 9 52.491133
15 10 23.617042
15 11 24.461647
15 12 18.244949
15 13 14.797411
15 14 6.952217
15 15 11382.100407
15 16 17.555523
15 17 95.183397
15 18 57.763632
15 19 111.745301
15 20 23.498028
15 21 127.136721
15 22 51.035220
15 23 6.959675
15 24 41.876247
15 25 90.650414
15 26 85.095284
15 27 54.092482
15 28 108.256866
15 29 98.745268
16 0 109.043508
16 1 104.882510
16 2 104.164903
16 3 157.272639
16 4 106.484145
16 5 142.576110
16 6 62.096899
16 7 40.725550
16 8 44.270098
16 9 30.265427
16 10 21.698641
16 11 30.748000
16 12 15.864920
16 13 13.932366
16 14 13.008095
16 15 6.509746
16 16 9586.980571
16 17 37.824517
16 18 44.788689
16 19 85.777473
16 20 38.951922
16 21 18.443311
16 22 165.989433
16 23 44.862945
16 24 29.140163
16 25 5.344063
16 26 93.318738
16 27 35.675103
16 28 108.342155
16 29 118.229338
17 0 93.551858
17 1 66.869738
17 2 45.853420
17 3 58.997011
17 4 64.584389
17 5 102.398750
17 6 42.909359
17 7 41.751401
17 8 29.584124
17 9 25.119203
17 10 26.050930
17 11 60.561445
17 12 15.916635
17 13 20.236334
17 14 20.988048
17 15 12.924859
17 16 6.117530
17 17 5130.647095
17 18 99.790726
17 19 43.463615
17 20 91.234072
17 21 76.812424
17 22 9.909229
17 23 67.674624
17 24 43.945643
17 25 30.759050
17 26 10.859813
17 27 30.977020
17 28 95.194199
17 29 107.003010
18 0 170.278662
18 1 80.658917
18 2 113.351909
18 3 84.321177
18 4 62.957686
18 5 121.854825
18 6 82.194517
18 7 98.954938
18 8 108.412164
18 9 36.745242
18 10 27.907514
18 11 36.285104
18 12 20.476001
18 13 22.915749
18 14 19.543842
18 15 14.664476
18 16 11.304396
18 17 5.739870
18 18 7653.839416
18 19 27.950101
18 20 98.131886
18 21 66.162476
18 22 49.138947
18 23 21.048452
18 24 63.109727
18 25 38.328824
18 26 40.845720
18 27 26.948494
18 28 9.235321
18 29 84.294063
19 0 13.327203
19 1 80.605439
19 2 99.655579
19 3 55.837691
19 4 87.660752
19 5 100.160092
19 6 95.045355
19 7 97.523810
19 8 99.520797
19 9 53.626000
19 10 28.408706
19 11 29.315832
19 12 30.017527
19 13 17.202531
19 14 24.682467
19 15 17.647781
19 16 12.445101
19 17 11.365769
19 18 5.447201
19 19 25343.226586
19 20 42.495912
19 21 48.078865
19 22 146.285714
19 23 65.334891
19 24 83.033328
19 25 24.388253
19 26 37.689921
19 27 45.918177
19 28 24.207591
19 29 13.180061
20 0 41.680453
20 1 104.092520
20 2 74.257155
20 3 28.837534
20 4 31.824575
20 5 140.373969
20 6 78.978364
20 7 88.529450
20 8 55.498197
20 9 8.494260
20 10 89.196861
20 11 6.771789
20 12 31.864468
20 13 29.649163
20 14 22.219065
20 15 15.888298
20 16 13.060204
20 17 16.760958
20 18 10.360438
20 19 5.138652
20 20 8160.124514
20 21 39.887630
20 22 44.297449
20 23 43.557046
20 24 120.448101
20 25 72.114164
20 26 113.451555
20 27 47.508144
20 28 47.607364
20 29 31.367608
21 0 42.538796
21 1 68.337295
21 2 75.404574
21 3 18.422168
21 4 50.566377
21 5 100.588860
21 6 94.363229
21 7 74.498521
21 8 125.672030
21 9 8.790510
21 10 80.378368
21 11 97.955416
21 12 93.812366
21 13 33.891038
21 14 30.178866
21 15 33.898296
21 16 23.163992
21 17 16.913539
21 18 12.224692
21 19 10.095287
21 20 4.915421
21 21 4190.113886
21 22 116.463153
21 23 147.336577
21 24 102.724777
21 25 96.238261
21 26 141.343713
21 27 104.113191
21 28 98.534170
21 29 39.668639
22 0 70.749939
22 1 84.481676
22 2 122.570581
22 3 54.838256
22 4 147.965498
22 5 100.471997
22 6 92.002544
22 7 103.357623
22 8 62.294727
22 9 112.444814
22 10 52.433060
22 11 81.529867
22 12 113.887451
22 13 89.965981
22 14 95.188798
22 15 19.763524
22 16 17.914538
22 17 14.214173
22 18 12.951219
22 19 11.141300
22 20 9.465241
22 21 4.691167
22 22 26214.400000
22 23 64.689976
22 24 93.459095
22 25 100.200769
22 26 104.730614
22 27 70.625446
22 28 66.970102
22 29 90.984707
23 0 123.612744
23 1 179.041001
23 2 82.163924
23 3 85.886374
23 4 86.728162
23 5 3.050128
23 6 100.674572
23 7 64.415275
23 8 100.453950
23 9 90.080947
23 10 64.984142
23 11 67.814679
23 12 108.284814
23 13 109.745385
23 14 88.199012
23 15 91.273780
23 16 98.760381
23 17 37.595328
23 18 16.321265
23 19 13.747917
23 20 14.243473
23 21 9.177657
23 22 4.474180
23 23 26296.576803
23 24 60.633235
23 25 89.079410
23 26 102.639308
23 27 96.311186
23 28 40.187066
23 29 102.859553
24 0 60.119169
24 1 64.240156
24 2 42.910456
24 3 101.759037
24 4 73.825184
24 5 168.635574
24 6 68.739362
24 7 46.855355
24 8 53.527451
24 9 122.350690
24 10 95.041048
24 11 79.472947
24 12 124.700580
24 13 87.265888
24 14 84.771090
24 15 86.158068
24 16 86.599234
24 17 92.867274
24 18 120.434267
24 19 17.768033
24 20 11.836046
24 21 10.548510
24 22 8.559044
24 23 4.252165
24 24 7358.428070
24 25 29.606364
24 26 38.798248
24 27 37.203500
24 28 56.591073
24 29 57.754485
25 0 139.700701
25 1 129.238430
25 2 107.378306
25 3 141.821637
25 4 144.968599
25 5 61.856048
25 6 55.791270
25 7 37.715339
25 8 26.514511
25 9 104.506198
25 10 121.977084
25 11 64.896666
25 12 107.833813
25 13 105.430880
25 14 68.299460
25 15 80.611635
25 16 93.249236
25 17 84.085362
25 18 97.907399
25 19 85.415009
25 20 92.068179
25 21 14.299438
25 22 9.923835
25 23 8.259642
25 24 4.082801
25 25 7717.210672
25 26 110.583037
25 27 121.727512
25 28 44.879026
25 29 49.866889
26 0 144.813438
26 1 125.107873
26 2 123.589068
26 3 101.611125
26 4 132.544486
26 5 80.455459
26 6 75.773743
26 7 54.948534
26 8 66.546150
26 9 59.489877
26 10 111.764656
26 11 100.457559
26 12 104.044750
26 13 89.008520
26 14 102.217825
26 15 105.567542
26 16 103.901704
26 17 97.708968
26 18 101.239552
26 19 100.623851
26 20 64.992198
26 21 110.092498
26 22 108.322568
26 23 11.481445
26 24 7.998787
26 25 3.946561
26 26 3927.250936
26 27 61.052016
26 28 97.340481
26 29 95.369524
27 0 95.226618
27 1 142.981950
27 2 110.147430
27 3 174.344965
27 4 82.029747
27 5 120.113518
27 6 120.602220
27 7 72.554516
27 8 43.545515
27 9 66.183878
27 10 138.528742
27 11 5.101483
27 12 132.901472
27 13 97.175849
27 14 68.077194
27 15 110.775797
27 16 83.461262
27 17 96.977006
27 18 72.058412
27 19 91.310540
27 20 92.436452
27 21 80.801094
27 22 87.183354
27 23 90.650414
27 24 91.969258
27 25 7.651975
27 26 3.783697
27 27 7943.757576
27 28 31.696270
27 29 83.615167
28 0 128.626094
28 1 57.327821
28 2 148.776390
28 3 87.252273
28 4 91.794146
28 5 146.725810
28 6 91.269807
28 7 35.181801
28 8 38.475264
28 9 82.447373
28 10 41.833436
28 11 129.216531
28 12 145.957371
28 13 83.259139
28 14 88.245403
28 15 105.248334
28 16 111.792955
28 17 101.555768
28 18 83.283937
28 19 84.643641
28 20 107.033047
28 21 82.701790
28 22 85.831889
28 23 101.801024
28 24 89.125785
28 25 105.509119
28 26 100.812498
28 27 3.634539
28 28 7958.831120
28 29 53.456501
29 0 135.891916
29 1 143.736536
29 2 87.394078
29 3 119.869793
29 4 100.077642
29 5 124.927146
29 6 139.211524
29 7 62.101956
29 8 59.320760
29 9 62.124492
29 10 37.811389
29 11 150.652060
29 12 83.413128
29 13 160.403235
29 14 58.502043
29 15 75.309124
29 16 112.220679
29 17 91.162686
29 18 95.351096
29 19 80.048552
29 20 97.358557
29 21 113.379486
29 22 83.462093
29 23 90.984707
29 24 88.256544
29 25 90.396431
29 26 105.559571
29 27 96.372042
29 28 98.382783
29 29 7681.875458
