0 0 747.647772
0 1 47.637644
0 2 57.674275
0 3 41.314237
0 4 47.929425
0 5 47.093147
0 6 39.928260
0 7 57.626731
0 8 75.013485
0 9 31.646049
0 10 46.682219
0 11 35.184753
0 12 34.816748
0 13 42.248922
0 14 24.726192
0 15 58.980004
0 16 29.394520
0 17 39.133271
0 18 18.828295
0 19 13.746678
0 20 36.163405
0 21 78.618632
0 22 19.185714
0 23 30.338985
0 24 35.157030
0 25 15.456718
0 26 36.582912
0 27 43.356461
0 28 55.941955
0 29 63.040010
1 0 54.930903
1 1 3890.820037
1 2 22.611778
1 3 62.579136
1 4 55.655423
1 5 33.844684
1 6 41.990069
1 7 73.245041
1 8 49.301831
1 9 25.949713
1 10 46.456781
1 11 48.244772
1 12 32.342993
1 13 56.850335
1 14 17.226907
1 15 40.171478
1 16 42.641508
1 17 27.943770
1 18 14.541541
1 19 13.841857
1 20 41.506393
1 21 38.678569
1 22 14.577526
1 23 49.800575
1 24 39.217429
1 25 13.746318
1 26 55.883817
1 27 68.680269
1 28 50.717098
1 29 41.352526
2 0 25.191923
2 1 40.568577
2 2 5461.333333
2 3 27.557121
2 4 63.683216
2 5 30.115485
2 6 46.003290
2 7 33.650268
2 8 35.501625
2 9 73.222024
2 10 30.387342
2 11 28.989411
2 12 37.215219
2 13 34.396457
2 14 18.536722
2 15 30.738311
2 16 29.814501
2 17 61.219991
2 18 13.291116
2 19 9.605423
2 20 47.839770
2 21 40.900088
2 22 20.047529
2 23 49.644959
2 24 44.383230
2 25 20.253532
2 26 46.755072
2 27 48.351555
2 28 39.713523
2 29 46.567159
3 0 17.431091
3 1 37.242315
3 2 60.723651
3 3 6967.282392
3 4 21.150453
3 5 29.140062
3 6 30.860893
3 7 40.576426
3 8 67.886573
3 9 56.750338
3 10 32.180208
3 11 27.464732
3 12 31.606939
3 13 35.984077
3 14 13.086589
3 15 34.949621
3 16 47.101608
3 17 60.450594
3 18 12.722426
3 19 9.298401
3 20 54.828937
3 21 34.041360
3 22 0.496353
3 23 61.171776
3 24 55.583143
3 25 59.076368
3 26 45.397814
3 27 56.571228
3 28 40.388876
3 29 44.643052
4 0 11.527120
4 1 57.263250
4 2 40.246258
4 3 45.069996
4 4 9709.037037
4 5 18.979610
4 6 33.183835
4 7 29.546507
4 8 51.200000
4 9 40.888924
4 10 35.659179
4 11 35.317481
4 12 31.273703
4 13 34.743493
4 14 10.687432
4 15 45.692572
4 16 48.416299
4 17 40.686637
4 18 13.170501
4 19 10.687813
4 20 57.833324
4 21 33.921874
4 22 0.498245
4 23 41.946396
4 24 39.970877
4 25 33.223263
4 26 88.364387
4 27 39.585337
4 28 38.453747
4 29 52.441910
5 0 9.294362
5 1 39.393493
5 2 38.005654
5 3 44.413308
5 4 41.318307
5 5 9000.652361
5 6 21.250324
5 7 15.665235
5 8 42.775450
5 9 32.260899
5 10 35.687700
5 11 77.534457
5 12 39.468373
5 13 42.457626
5 14 8.883941
5 15 42.169066
5 16 55.732334
5 17 42.167370
5 18 11.795470
5 19 7.672882
5 20 44.025443
5 21 56.031634
5 22 0.517047
5 23 29.638792
5 24 37.267464
5 25 43.379778
5 26 30.678057
5 27 52.679025
5 28 27.412677
5 29 48.531704
6 0 7.550203
6 1 49.588612
6 2 36.752808
6 3 29.060111
6 4 75.155963
6 5 36.738644
6 6 9754.195349
6 7 12.441945
6 8 44.887671
6 9 33.923520
6 10 30.528452
6 11 39.574132
6 12 58.633713
6 13 61.968914
6 14 7.161353
6 15 38.276182
6 16 34.696933
6 17 59.812675
6 18 10.074954
6 19 11.618184
6 20 57.473540
6 21 37.998768
6 22 0.517808
6 23 26.966426
6 24 49.053892
6 25 31.586944
6 26 42.842737
6 27 43.092755
6 28 23.847261
6 29 28.034917
7 0 6.819386
7 1 44.145921
7 2 29.764991
7 3 28.659014
7 4 35.087034
7 5 25.638495
7 6 36.960082
7 7 28339.891892
7 8 17.962143
7 9 25.180429
7 10 60.028395
7 11 41.889422
7 12 81.024302
7 13 41.254097
7 14 6.434107
7 15 48.054628
7 16 47.692895
7 17 57.467240
7 18 10.705217
7 19 10.564465
7 20 52.210820
7 21 41.354972
7 22 0.522062
7 23 25.058274
7 24 32.095008
7 25 27.633010
7 26 26.934217
7 27 33.180685
7 28 65.090537
7 29 23.650668
8 0 6.054781
8 1 38.489740
8 2 24.483708
8 3 37.931414
8 4 44.171027
8 5 18.494709
8 6 43.898269
8 7 37.279388
8 8 27594.105263
8 9 13.523993
8 10 43.115789
8 11 40.308142
8 12 48.663464
8 13 42.867258
8 14 5.871990
8 15 87.677244
8 16 37.826735
8 17 33.167041
8 18 9.532552
8 19 12.732081
8 20 43.908379
8 21 73.117356
8 22 0.532718
8 23 22.871701
8 24 33.236953
8 25 36.401937
8 26 21.539738
8 27 30.401438
8 28 30.024940
8 29 62.450552
9 0 5.201825
9 1 41.305286
9 2 33.160223
9 3 41.992591
9 4 26.340174
9 5 17.798418
9 6 35.689522
9 7 34.531821
9 8 28.472249
9 9 7037.422819
9 10 20.923396
9 11 43.418397
9 12 40.374880
9 13 43.283084
9 14 2.680762
9 15 48.327042
9 16 40.826040
9 17 59.335446
9 18 29.085503
9 19 23.396836
9 20 32.028345
9 21 47.965601
9 22 0.564792
9 23 25.416943
9 24 35.786966
9 25 38.472794
9 26 15.484565
9 27 54.022463
9 28 25.799036
9 29 45.953896
10 0 4.673194
10 1 29.474667
10 2 35.457208
10 3 34.055732
10 4 29.341056
10 5 18.773517
10 6 34.696359
10 7 47.943670
10 8 26.284382
10 9 41.080353
10 10 29127.111111
10 11 20.641666
10 12 58.372589
10 13 37.525534
10 14 2.512227
10 15 58.628795
10 16 27.776112
10 17 46.765498
10 18 25.388942
10 19 20.718956
10 20 48.172739
10 21 43.328692
10 22 0.579638
10 23 17.126738
10 24 21.931231
10 25 40.692163
10 26 26.937677
10 27 33.539406
10 28 71.012867
10 29 27.700900
11 0 4.055861
11 1 39.732333
11 2 22.351502
11 3 46.414625
11 4 32.757252
11 5 23.966082
11 6 28.427479
11 7 34.828891
11 8 26.657243
11 9 47.563095
11 10 41.122240
11 11 9320.675556
11 12 23.193966
11 13 39.678208
11 14 2.269618
11 15 58.587847
11 16 51.974027
11 17 42.399256
11 18 24.035851
11 19 17.348897
11 20 43.407613
11 21 55.246365
11 22 0.589594
11 23 20.300193
11 24 24.827769
11 25 46.776972
11 26 19.725834
11 27 58.205717
11 28 32.002442
11 29 44.937687
12 0 3.655071
12 1 36.356500
12 2 24.173270
12 3 35.101128
12 4 34.317095
12 5 29.799673
12 6 40.588991
12 7 33.485853
12 8 28.114595
12 9 42.254881
12 10 40.417677
12 11 49.587440
12 12 28728.109589
12 13 18.817652
12 14 2.139584
12 15 47.486629
12 16 43.844121
12 17 46.157192
12 18 11.878112
12 19 23.370762
12 20 54.099110
12 21 52.570741
12 22 0.604661
12 23 17.608773
12 24 19.065538
12 25 28.474956
12 26 32.079298
12 27 61.018709
12 28 57.144663
12 29 34.168369
13 0 3.329584
13 1 56.367477
13 2 18.515119
13 3 33.657289
13 4 38.379152
13 5 33.490666
13 6 45.967998
13 7 35.322834
13 8 21.432096
13 9 42.147032
13 10 52.640679
13 11 33.776547
13 12 45.755378
13 13 7410.431095
13 14 1.970687
13 15 55.233269
13 16 34.791911
13 17 50.910397
13 18 13.531060
13 19 24.147940
13 20 34.546042
13 21 49.721466
13 22 0.614718
13 23 13.301738
13 24 19.318797
13 25 27.370460
13 26 27.974709
13 27 58.309292
13 28 55.794610
13 29 51.447440
14 0 3.002907
14 1 26.224562
14 2 17.520652
14 3 19.502948
14 4 18.666904
14 5 25.754046
14 6 19.954632
14 7 27.985161
14 8 20.206307
14 9 4.216440
14 10 14.693450
14 11 15.841670
14 12 28.808616
14 13 23.684322
14 14 9619.963303
14 15 13.774488
14 16 20.192494
14 17 24.141546
14 18 64.796910
14 19 44.621205
14 20 9.889288
14 21 20.378704
14 22 0.653834
14 23 10.233704
14 24 20.615693
14 25 62.712000
14 26 17.116115
14 27 32.328534
14 28 29.778093
14 29 42.086133
15 0 2.783200
15 1 21.979730
15 2 16.273644
15 3 22.277659
15 4 25.081050
15 5 24.219892
15 6 17.924989
15 7 20.759976
15 8 20.318484
15 9 4.319251
15 10 24.629492
15 11 14.301461
15 12 20.748063
15 13 23.642669
15 14 18.031331
15 15 15196.753623
15 16 12.129067
15 17 39.470602
15 18 31.959524
15 19 20.647357
15 20 26.614955
15 21 18.795390
15 22 0.644485
15 23 9.639375
15 24 15.835331
15 25 25.883096
15 26 36.327530
15 27 57.866836
15 28 38.505288
15 29 32.367952
16 0 2.524697
16 1 32.436037
16 2 16.270109
16 3 23.623493
16 4 29.227785
16 5 20.881521
16 6 18.486068
16 7 26.974057
16 8 16.905563
16 9 4.246287
16 10 15.658334
16 11 24.405353
16 12 18.801625
16 13 23.722902
16 14 10.959713
16 15 80.181686
16 16 29127.111111
16 17 17.143539
16 18 16.662975
16 19 25.706693
16 20 47.939286
16 21 27.121618
16 22 0.630540
16 23 13.301907
16 24 19.291607
16 25 11.994761
16 26 23.441819
16 27 37.182887
16 28 32.083224
16 29 47.157743
17 0 2.360496
17 1 27.226193
17 2 20.274679
17 3 26.321330
17 4 22.272454
17 5 22.387531
17 6 19.236221
17 7 23.799900
17 8 15.677062
17 9 4.607444
17 10 15.900042
17 11 18.755048
17 12 18.828126
17 13 23.984995
17 14 10.259638
17 15 57.945181
17 16 40.930421
17 17 7516.673835
17 18 10.118021
17 19 23.795579
17 20 67.384872
17 21 47.490931
17 22 0.626639
17 23 13.223567
17 24 16.035602
17 25 15.095135
17 26 16.520813
17 27 55.147575
17 28 68.847116
17 29 43.005270
18 0 2.066828
18 1 18.087317
18 2 28.670376
18 3 22.385381
18 4 27.643937
18 5 20.651220
18 6 16.350278
18 7 22.260161
18 8 12.676515
18 9 5.683308
18 10 21.464781
18 11 17.543664
18 12 13.686123
18 13 20.853282
18 14 20.994404
18 15 22.983243
18 16 25.260500
18 17 19.531101
18 18 9664.294931
18 19 19.159947
18 20 31.852732
18 21 36.712918
18 22 0.640261
18 23 9.057759
18 24 15.858801
18 25 26.154898
18 26 11.942847
18 27 27.966128
18 28 42.536854
18 29 26.156202
19 0 1.779402
19 1 24.440337
19 2 17.259800
19 3 19.550584
19 4 18.346984
19 5 16.178233
19 6 19.774006
19 7 33.929008
19 8 11.864605
19 9 8.995633
19 10 19.493340
19 11 17.324103
19 12 10.467024
19 13 35.567857
19 14 50.863477
19 15 19.094702
19 16 14.086379
19 17 34.401535
19 18 64.371282
19 19 9279.433628
19 20 16.097885
19 21 50.713419
19 22 0.640787
19 23 6.705179
19 24 19.432829
19 25 54.620445
19 26 9.379705
19 27 31.951246
19 28 20.373160
19 29 51.021872
20 0 1.764855
20 1 17.315235
20 2 12.642890
20 3 19.775684
20 4 50.094401
20 5 9.922368
20 6 58.354722
20 7 24.987513
20 8 14.618374
20 9 7.676589
20 10 17.994509
20 11 16.731305
20 12 12.164173
20 13 27.250250
20 14 13.302835
20 15 65.832245
20 16 38.668584
20 17 25.367138
20 18 27.734236
20 19 36.948361
20 20 9532.509091
20 21 26.164361
20 22 0.629673
20 23 7.212731
20 24 15.108076
20 25 9.663894
20 26 58.511021
20 27 35.732088
20 28 30.652051
20 29 37.774952
21 0 1.711653
21 1 15.738713
21 2 12.780499
21 3 20.431913
21 4 34.748099
21 5 11.122819
21 6 41.886075
21 7 30.320124
21 8 17.250288
21 9 7.670159
21 10 16.765145
21 11 15.641400
21 12 12.175119
21 13 26.177098
21 14 9.882391
21 15 78.295763
21 16 53.966855
21 17 54.857621
21 18 21.335504
21 19 57.761644
21 20 73.620445
21 21 29537.352113
21 22 0.614274
21 23 7.560083
21 24 6.676022
21 25 14.584825
21 26 45.008091
21 27 38.620161
21 28 58.775034
21 29 69.171845
22 0 1.511764
22 1 21.450510
22 2 14.635309
22 3 0.496425
22 4 72.513122
22 5 59.875860
22 6 38.729999
22 7 53.194805
22 8 46.734234
22 9 44.110637
22 10 38.903870
22 11 41.080353
22 12 27.584306
22 13 50.733048
22 14 67.158293
22 15 39.993745
22 16 21.346579
22 17 37.254885
22 18 54.232014
22 19 66.033313
22 20 23.815847
22 21 26.319348
22 22 9404.269058
22 23 5.896226
22 24 5.934434
22 25 46.343852
22 26 24.185257
22 27 39.254132
22 28 38.259423
22 29 35.994576
23 0 1.501393
23 1 14.392939
23 2 15.316958
23 3 0.498717
23 4 33.899392
23 5 46.930851
23 6 35.869599
23 7 50.004817
23 8 40.232360
23 9 45.223557
23 10 29.224119
23 11 47.616012
23 12 28.227744
23 13 24.028415
23 14 21.755140
23 15 32.980829
23 16 62.316941
23 17 37.309897
23 18 22.065993
23 19 17.556588
23 20 25.321195
23 21 37.488640
23 22 34.355323
23 23 29127.111111
23 24 4.904598
23 25 33.600128
23 26 27.261940
23 27 24.776438
23 28 41.333780
23 29 24.964906
24 0 1.449684
24 1 13.908965
24 2 16.794010
24 3 0.499680
24 4 26.389561
24 5 62.298429
24 6 31.500593
24 7 39.694730
24 8 42.696201
24 9 45.718471
24 10 25.577520
24 11 37.741641
24 12 18.605958
24 13 24.228846
24 14 20.712817
24 15 35.926747
24 16 73.104612
24 17 26.695588
24 18 17.081123
24 19 25.341695
24 20 7.604686
24 21 47.735233
24 22 13.954221
24 23 67.836067
24 24 26214.400000
24 25 16.217893
24 26 20.853697
24 27 28.323434
24 28 25.172268
24 29 35.743660
25 0 1.329566
25 1 14.629796
25 2 15.278905
25 3 0.509382
25 4 25.633481
25 5 41.335409
25 6 29.182233
25 7 47.475879
25 8 52.113513
25 9 45.455870
25 10 20.337203
25 11 48.783456
25 12 16.169501
25 13 28.457568
25 14 35.950766
25 15 17.462588
25 16 22.269379
25 17 24.828945
25 18 55.217272
25 19 66.359270
25 20 6.710006
25 21 16.030086
25 22 55.970322
25 23 33.550138
25 24 33.264894
25 25 9576.036530
25 26 12.794846
25 27 31.042705
25 28 25.481798
25 29 34.158352
26 0 1.268866
26 1 14.047317
26 2 30.099060
26 3 0.505799
26 4 23.832085
26 5 29.109726
26 6 54.572120
26 7 21.785197
26 8 40.605495
26 9 30.023651
26 10 29.997025
26 11 48.545185
26 12 18.998868
26 13 27.254146
26 14 24.136267
26 15 23.707616
26 16 15.963706
26 17 18.562317
26 18 32.777731
26 19 17.232145
26 20 29.979015
26 21 11.248281
26 22 42.729258
26 23 38.808838
26 24 26.701366
26 25 24.710460
26 26 9619.963303
26 27 18.020795
26 28 22.908928
26 29 25.697558
27 0 1.230893
27 1 16.987315
27 2 20.940946
27 3 0.508184
27 4 28.763177
27 5 21.064202
27 6 47.026617
27 7 18.717719
27 8 42.844488
27 9 38.858456
27 10 28.903510
27 11 51.816075
27 12 20.715681
27 13 32.080770
27 14 15.603693
27 15 47.498460
27 16 12.191327
27 17 44.707768
27 18 16.558511
27 19 18.688862
27 20 27.029334
27 21 12.462647
27 22 38.184884
27 23 26.274503
27 24 22.119990
27 25 41.493253
27 26 38.165426
27 27 6921.293729
27 28 15.191360
27 29 28.763572
29 0 1.187656
29 1 14.514669
29 2 18.667403
29 3 0.509101
29 4 24.420700
29 5 21.026610
29 6 24.397120
29 7 34.239775
29 8 37.963686
29 9 36.695573
29 10 34.385178
29 11 50.805562
29 12 27.750751
29 13 23.896445
29 14 12.638852
29 15 83.980138
29 16 13.611860
29 17 59.717296
29 18 10.855723
29 19 20.834843
29 20 31.322749
29 21 19.500590
29 22 23.056014
29 23 16.338177
29 24 28.591029
29 25 31.896333
29 26 25.973174
29 27 41.146445
29 28 34.705546
29 29 26214.400000
28 0 1.210888
28 1 16.615316
28 2 21.195557
28 3 0.507612
28 4 21.362888
28 5 22.708738
28 6 27.763609
28 7 37.367069
28 8 23.626155
28 9 42.684904
28 10 55.867441
28 11 38.530048
28 12 27.251312
28 13 21.431658
28 14 16.590605
28 15 48.612703
28 16 12.274958
28 17 52.260261
28 18 14.037256
28 19 13.758583
28 20 43.792850
28 21 17.702415
28 22 21.365500
28 23 20.822845
28 24 26.431802
28 25 38.320944
28 26 28.480756
28 27 46.170402
28 28 26886.564103
28 29 15.523191
