0 0 3971.878788
0 1 7.897807
0 2 73.677347
0 3 30.796992
0 4 69.094360
0 5 29.741774
0 6 33.419684
0 7 32.475719
0 8 69.276956
0 9 30.775299
0 10 32.678135
0 11 34.887410
0 12 33.582373
0 13 36.378573
0 14 56.109589
0 15 32.833667
0 16 57.970809
0 17 35.753410
0 18 28.199656
0 19 28.114972
0 20 68.444909
0 21 69.756253
0 22 69.276956
0 23 47.403978
0 24 67.597731
0 25 35.880646
0 26 73.142857
0 27 32.323551
0 28 69.608072
0 29 68.337852
1 0 47.593319
1 1 7710.117647
1 2 74.898286
1 3 42.833987
1 4 18.021724
1 5 105.025641
1 6 26.597403
1 7 28.743860
1 8 34.465422
1 9 130.679960
1 10 32.363457
1 11 52.199124
1 12 56.594128
1 13 38.721418
1 14 34.231392
1 15 75.026903
1 16 37.162461
1 17 108.413565
1 18 25.051988
1 19 36.869761
1 20 36.217740
1 21 74.430437
1 22 72.858255
1 23 73.885006
1 24 40.441839
1 25 78.580336
1 26 59.686703
1 27 187.782235
1 28 37.078359
1 29 73.020613
2 0 62.326201
2 1 27.530351
2 2 3404.467532
2 3 9.019543
2 4 69.130802
2 5 30.574294
2 6 59.174718
2 7 31.052357
2 8 30.796992
2 9 26.997322
2 10 66.298432
2 11 27.623182
2 12 41.849298
2 13 32.046944
2 14 30.007326
2 15 41.269521
2 16 60.152363
2 17 28.813366
2 18 69.608072
2 19 28.401300
2 20 23.186273
2 21 33.057251
2 22 80.709360
2 23 75.676674
2 24 76.471412
2 25 29.877365
2 26 62.773946
2 27 31.126098
2 28 54.681685
2 29 28.788052
3 0 44.221323
3 1 79.582271
3 2 19.199063
3 3 2595.485149
3 4 10.156683
3 5 103.206299
3 6 61.392037
3 7 73.306488
3 8 27.917359
3 9 27.238570
3 10 26.997322
3 11 60.513389
3 12 28.060801
3 13 31.185344
3 14 28.272649
3 15 42.694463
3 16 23.961974
3 17 58.803051
3 18 27.745978
3 19 112.701634
3 20 26.908643
3 21 33.317743
3 22 74.515065
3 23 71.234783
3 24 76.248982
3 25 176.409152
3 26 25.066361
3 27 76.382284
3 28 33.513679
3 29 66.635486
4 0 26.356726
4 1 53.108590
4 2 37.653548
4 3 18.520842
4 4 3360.820513
4 5 32.678135
4 6 129.262327
4 7 148.607710
4 8 51.909703
4 9 35.919978
4 10 33.991701
4 11 40.870596
4 12 125.788868
4 13 44.296046
4 14 46.266149
4 15 28.826039
4 16 46.331566
4 17 43.343915
4 18 91.658741
4 19 32.499876
4 20 121.927442
4 21 52.199124
4 22 44.311021
4 23 133.338759
4 24 147.936795
4 25 140.183957
4 26 180.788966
4 27 43.386958
4 28 114.774081
4 29 41.062657
5 0 48.294768
5 1 69.979712
5 2 126.395371
5 3 40.230816
5 4 15.887515
5 5 3404.467532
5 6 21.914730
5 7 67.389203
5 8 62.090005
5 9 59.497049
5 10 60.290708
5 11 31.008280
5 12 32.653712
5 13 127.378037
5 14 33.326214
5 15 27.663993
5 16 41.217610
5 17 38.928423
5 18 33.174386
5 19 138.553911
5 20 44.161725
5 21 186.978602
5 22 37.225788
5 23 34.062370
5 24 177.124324
5 25 142.779956
5 26 170.889179
5 27 150.139748
5 28 149.967963
5 29 138.994698
6 0 85.948852
6 1 87.439626
6 2 77.237478
6 3 19.710075
6 4 24.885514
6 5 13.332520
6 6 3404.467532
6 7 27.623182
6 8 24.458294
6 9 31.484987
6 10 27.148302
6 11 115.380282
6 12 58.855860
6 13 30.298659
6 14 68.876511
6 15 33.547991
6 16 30.825964
6 17 28.687240
6 18 33.258564
6 19 31.022959
6 20 66.500254
6 21 30.333719
6 22 77.419965
6 23 33.462344
6 24 83.966688
6 25 61.077353
6 26 47.489855
6 27 77.465721
6 28 83.273189
6 29 74.812785
7 0 138.261603
7 1 168.907216
7 2 74.010164
7 3 65.048139
7 4 29.938785
7 5 23.586827
7 6 10.584834
7 7 2978.909091
7 8 8.407441
7 9 116.924175
7 10 41.452245
7 11 13.235585
7 12 54.795987
7 13 119.919488
7 14 61.507274
7 15 119.264786
7 16 41.916214
7 17 44.567154
7 18 44.627852
7 19 43.895512
7 20 54.161983
7 21 110.422915
7 22 47.182145
7 23 64.250980
7 24 45.369332
7 25 174.297872
7 26 222.155932
7 27 126.517375
7 28 63.289232
7 29 149.967963
8 0 73.635955
8 1 72.295643
8 2 71.389978
8 3 45.590261
8 4 15.366002
8 5 23.215019
8 6 17.923151
8 7 10.389347
8 8 9362.285714
8 9 6.241524
8 10 131.072000
8 11 31.140889
8 12 106.910277
8 13 6.480372
8 14 35.130528
8 15 54.567860
8 16 36.429127
8 17 32.727091
8 18 30.567164
8 19 35.851204
8 20 37.257533
8 21 38.963139
8 22 63.106403
8 23 39.278394
8 24 106.562602
8 25 54.206782
8 26 73.635955
8 27 73.512058
8 28 73.102064
8 29 72.215978
9 0 69.350265
9 1 72.736959
9 2 66.907606
9 3 77.879976
9 4 70.091979
9 5 23.723439
9 6 15.326473
9 7 20.233405
9 8 9.928193
9 9 11915.636364
9 10 104.523126
9 11 38.069126
9 12 10.200156
9 13 74.642369
9 14 13.273114
9 15 53.022654
9 16 54.933780
9 17 53.194805
9 18 54.567860
9 19 29.755278
9 20 28.693520
9 21 45.637883
9 22 35.861012
9 23 75.372053
9 24 50.822800
9 25 170.666667
9 26 84.946209
9 27 84.508059
9 28 73.061315
9 29 84.128370
10 0 71.899067
10 1 45.685605
10 2 79.245466
10 3 61.972577
10 4 77.557396
10 5 23.616577
10 6 35.064741
10 7 23.654936
10 8 16.729036
10 9 9.939486
10 10 10485.760000
10 11 21.557895
10 12 13.744966
10 13 104.108022
10 14 70.544672
10 15 32.125490
10 16 6.112578
10 17 22.428474
10 18 54.161983
10 19 53.916907
10 20 21.715043
10 21 34.195669
10 22 27.199004
10 23 40.579567
10 24 74.941109
10 25 34.611038
10 26 150.484501
10 27 73.265511
10 28 75.458837
10 29 77.787537
11 0 61.943289
11 1 180.291609
11 2 67.597731
11 3 67.842650
11 4 72.136489
11 5 133.746939
11 6 21.008495
11 7 33.565173
11 8 17.117931
11 9 13.895049
11 10 9.408657
11 11 7943.757576
11 12 11.603399
11 13 18.339443
11 14 36.227750
11 15 74.219706
11 16 29.414722
11 17 6.347620
11 18 20.904625
11 19 104.108022
11 20 22.003022
11 21 26.130781
11 22 23.493816
11 23 27.204649
11 24 27.828450
11 25 107.967051
11 26 35.998901
11 27 103.778306
11 28 160.824540
11 29 78.392344
12 0 141.699459
12 1 67.010225
12 2 59.362319
12 3 67.912953
12 4 60.681481
12 5 70.017094
12 6 18.783606
12 7 23.368158
12 8 13.815959
12 9 14.168414
12 10 13.040692
12 11 9.575687
12 12 9709.037037
12 13 22.532577
12 14 91.594689
12 15 26.167299
12 16 5.702005
12 17 26.820544
12 18 27.775376
12 19 5.913734
12 20 51.889153
12 21 17.351337
12 22 23.137158
12 23 26.468498
12 24 23.603818
12 25 26.684039
12 26 44.236247
12 27 54.887772
12 28 154.202353
12 29 72.575858
13 0 66.197980
13 1 150.311927
13 2 55.918089
13 3 83.379135
13 4 163.635456
13 5 140.183957
13 6 96.518409
13 7 23.970739
13 8 24.358298
13 9 17.399708
13 10 16.914699
13 11 15.618684
13 12 8.895283
13 13 3404.467532
13 14 12.583717
13 15 71.080260
13 16 40.305043
13 17 8.482527
13 18 40.857855
13 19 41.889422
13 20 6.165483
13 21 20.566766
13 22 32.524069
13 23 19.841356
13 24 19.968312
13 25 30.854991
13 26 22.393986
13 27 107.260229
13 28 28.737558
13 29 134.570842
14 0 64.567488
14 1 76.337798
14 2 64.503937
14 3 64.567488
14 4 64.503937
14 5 57.336833
14 6 215.578947
14 7 25.620016
14 8 18.834890
14 9 17.758027
14 10 23.848617
14 11 18.875576
14 12 12.649296
14 13 8.895887
14 14 4854.518519
14 15 16.840807
14 16 18.199389
14 17 31.409538
14 18 6.189064
14 19 26.115162
14 20 26.431135
14 21 38.291557
14 22 5.215135
14 23 18.019247
14 24 22.894672
14 25 24.913895
14 26 20.406664
14 27 30.957015
14 28 111.172180
14 29 25.490471
15 0 109.867561
15 1 64.983639
15 2 124.830476
15 3 58.150843
15 4 157.728039
15 5 93.024840
15 6 138.407603
15 7 148.271493
15 8 18.518225
15 9 25.570035
15 10 18.352282
15 11 19.659817
15 12 12.005129
15 13 13.154556
15 14 7.826596
15 15 3084.047059
15 16 10.112800
15 17 34.721060
15 18 10.484083
15 19 112.895780
15 20 16.068653
15 21 44.918437
15 22 34.071224
15 23 4.686499
15 24 21.693479
15 25 30.397032
15 26 17.028972
15 27 21.962466
15 28 24.014657
15 29 114.273758
16 0 75.458837
16 1 40.567007
16 2 39.102625
16 3 66.601626
16 4 160.627451
16 5 133.338759
16 6 67.597731
16 7 67.010225
16 8 25.862668
16 9 22.641562
16 10 16.675827
16 11 15.635453
16 12 12.371118
16 13 11.695547
16 14 10.986756
16 15 7.731493
16 16 11915.636364
16 17 23.732030
16 18 110.609283
16 19 8.687169
16 20 71.041734
16 21 13.598091
16 22 27.699070
16 23 52.012698
16 24 48.135145
16 25 3.679421
16 26 14.510351
16 27 17.999451
16 28 26.765775
16 29 26.656905
17 0 75.026903
17 1 29.094784
17 2 26.914168
17 3 35.472801
17 4 42.778068
17 5 61.536150
17 6 70.964808
17 7 62.683883
17 8 72.616066
17 9 43.158380
17 10 26.804090
17 11 27.369388
17 12 12.730381
17 13 13.479227
17 14 14.242312
17 15 12.493757
17 16 7.505268
17 17 9709.037037
17 18 36.520479
17 19 43.647020
17 20 36.551032
17 21 67.807553
17 22 11.668477
17 23 42.404400
17 24 20.841469
17 25 39.682713
17 26 3.383551
17 27 13.290610
17 28 34.785563
17 29 19.648029
18 0 72.295643
18 1 56.692042
18 2 36.602066
18 3 27.449634
18 4 36.068244
18 5 53.652067
18 6 37.353092
18 7 132.933063
18 8 156.784689
18 9 19.772515
18 10 41.295526
18 11 21.250324
18 12 16.493268
18 13 17.837779
18 14 15.511479
18 15 12.109387
18 16 10.344251
18 17 7.483414
18 18 11915.636364
18 19 21.827144
18 20 36.157793
18 21 28.048791
18 22 58.988299
18 23 54.522463
18 24 21.483691
18 25 20.470404
18 26 64.062561
18 27 21.856261
18 28 4.455655
18 29 20.944711
19 0 7.423232
19 1 20.719570
19 2 47.046662
19 3 60.124771
19 4 24.994661
19 5 37.278726
19 6 58.697716
19 7 36.551032
19 8 60.457565
19 9 67.597731
19 10 16.326856
19 11 39.114294
19 12 16.595594
19 13 25.167435
19 14 17.825649
19 15 18.179196
19 16 10.705873
19 17 11.208483
19 18 7.261204
19 19 2647.919192
19 20 39.254867
19 21 65.634452
19 22 46.962379
19 23 77.511532
19 24 40.692952
19 25 22.378692
19 26 20.690134
19 27 29.741774
19 28 17.794190
19 29 5.623236
20 0 26.581221
20 1 119.591241
20 2 49.479804
20 3 41.782595
20 4 61.020484
20 5 62.985103
20 6 41.465359
20 7 62.178368
20 8 59.768354
20 9 65.865327
20 10 63.136802
20 11 15.982441
20 12 25.918924
20 13 19.207503
20 14 18.437474
20 15 14.151587
20 16 11.857427
20 17 13.836377
20 18 9.940994
20 19 7.185965
20 20 3542.486486
20 21 26.635237
20 22 129.134975
20 23 39.479518
20 24 61.420806
20 25 24.833649
20 26 20.346476
20 27 41.178762
20 28 33.590979
20 29 15.069211
21 0 33.772739
21 1 37.751152
21 2 9.103487
21 3 59.308597
21 4 36.459527
21 5 52.958384
21 6 41.531052
21 7 60.457565
21 8 42.064185
21 9 64.377210
21 10 61.536150
21 11 61.797265
21 12 41.996796
21 13 58.357970
21 14 27.982921
21 15 21.715043
21 16 14.745416
21 17 13.817415
21 18 11.932993
21 19 11.789171
21 20 6.817080
21 21 3495.253333
21 22 60.152363
21 23 121.927442
21 24 60.653401
21 25 61.739049
21 26 26.346131
21 27 20.444860
21 28 24.071993
21 29 31.103939
22 0 47.403978
22 1 32.932663
22 2 30.131494
22 3 24.810146
22 4 47.923949
22 5 41.360682
22 6 40.972804
22 7 61.277232
22 8 41.373737
22 9 118.617195
22 10 63.411708
22 11 61.162856
22 12 41.036944
22 13 42.240413
22 14 59.877570
22 15 19.701187
22 16 13.386988
22 17 11.996339
22 18 15.847177
22 19 11.329588
22 20 10.016966
22 21 6.811058
22 22 4297.442623
22 23 10.504247
22 24 42.376980
22 25 41.929623
22 26 59.741112
22 27 35.890471
22 28 24.913895
22 29 30.200922
23 0 72.979955
23 1 70.430951
23 2 35.177670
23 3 28.481530
23 4 32.070467
23 5 1.974154
23 6 21.518962
23 7 105.448109
23 8 17.969838
23 9 105.194222
23 10 109.409015
23 11 55.989748
23 12 55.538983
23 13 38.755766
23 14 55.846613
23 15 36.520479
23 16 36.388673
23 17 19.137392
23 18 14.911490
23 19 14.499115
23 20 10.504247
23 21 9.516590
23 22 6.193451
23 23 11915.636364
23 24 53.850452
23 25 55.258010
23 26 36.581636
23 27 36.673755
23 28 28.438273
23 29 17.923151
24 0 33.048916
24 1 117.658887
24 2 90.394483
24 3 33.720607
24 4 31.659903
24 5 33.807583
24 6 43.924933
24 7 81.817728
24 8 57.462516
24 9 42.694463
24 10 122.382820
24 11 65.372569
24 12 41.689567
24 13 41.983344
24 14 60.097203
24 15 62.594078
24 16 42.555844
24 17 59.987185
24 18 64.188051
24 19 14.730501
24 20 11.037642
24 21 9.934213
24 22 8.795008
24 23 6.241821
24 24 3495.253333
24 25 12.899518
24 26 62.296578
24 27 37.686026
24 28 39.032758
24 29 38.801658
25 0 70.544672
25 1 21.487213
25 2 38.893769
25 3 73.429692
25 4 31.636978
25 5 27.911414
25 6 34.357012
25 7 35.998901
25 8 21.765526
25 9 35.959396
25 10 55.188211
25 11 55.281316
25 12 54.613333
25 13 57.261686
25 14 55.141775
25 15 56.399312
25 16 37.299943
25 17 55.751595
25 18 37.353092
25 19 36.530658
25 20 36.459527
25 21 12.528388
25 22 9.644739
25 23 10.733049
25 24 6.073491
25 25 11397.565217
25 26 54.296603
25 27 113.286085
25 28 20.828222
25 29 42.213205
26 0 125.788868
26 1 119.591241
26 2 24.322138
26 3 61.797265
26 4 149.625571
26 5 39.009524
26 6 33.833764
26 7 38.347572
26 8 33.124084
26 9 42.145338
26 10 59.850228
26 11 61.105828
26 12 63.136802
26 13 62.237417
26 14 62.504530
26 15 41.308541
26 16 42.322247
26 17 60.992089
26 18 62.743897
26 19 62.355852
26 20 41.862664
26 21 41.663064
26 22 38.381259
26 23 11.344296
26 24 8.804460
26 25 5.973022
26 26 3449.263158
26 27 13.210240
26 28 41.127079
26 29 30.840471
27 0 73.553311
27 1 186.978602
27 2 60.737720
27 3 36.704565
27 4 54.636098
27 5 60.235294
27 6 30.964328
27 7 35.792463
27 8 53.389817
27 9 41.386801
27 10 37.958876
27 11 2.648508
27 12 23.293407
27 13 103.696203
27 14 110.052057
27 15 55.026029
27 16 27.594105
27 17 35.396165
27 18 54.956813
27 19 108.503311
27 20 37.120363
27 21 36.694289
27 22 36.642997
27 23 54.545152
27 24 36.859393
27 25 8.714894
27 26 5.623718
27 27 12483.047619
27 28 37.794694
27 29 103.942902
28 0 70.393126
28 1 84.453608
28 2 96.164343
28 3 55.656900
28 4 30.425255
28 5 31.890998
28 6 78.345487
28 7 28.475342
28 8 32.883091
28 9 31.914293
28 10 31.538017
28 11 23.983898
28 12 70.735024
28 13 62.266983
28 14 60.850511
28 15 42.486872
28 16 61.797265
28 17 42.404400
28 18 58.514286
28 19 56.520914
28 20 41.943040
28 21 41.570568
28 22 41.399874
28 23 61.478424
28 24 60.097203
28 25 41.583756
28 26 41.649825
28 27 5.577057
28 28 3404.467532
28 29 24.223249
29 0 143.877058
29 1 77.833729
29 2 68.588174
29 3 69.571125
29 4 60.290708
29 5 29.802638
29 6 33.283900
29 7 76.248982
29 8 30.425255
29 9 32.866600
29 10 33.065590
29 11 34.859574
29 12 35.724176
29 13 67.772492
29 14 13.845146
29 15 38.024949
29 16 58.331998
29 17 40.692952
29 18 58.125055
29 19 43.002625
29 20 56.963060
29 21 43.186820
29 22 41.230576
29 23 61.449602
29 24 59.987185
29 25 41.024100
29 26 40.305043
29 27 60.014652
29 28 41.663064
29 29 3542.486486
