0 0 1083.799483
0 1 45.245998
0 2 53.069616
0 3 46.018432
0 4 54.751638
0 5 64.076263
0 6 77.297261
0 7 73.132654
0 8 57.088662
0 9 60.684993
0 10 35.149370
0 11 88.178615
0 12 39.266627
0 13 42.160589
0 14 31.727919
0 15 26.767825
0 16 33.044750
0 17 41.093232
0 18 34.264950
0 19 40.223100
0 20 36.695573
0 21 62.760796
0 22 47.560938
0 23 34.117230
0 24 28.919852
0 25 42.621575
0 26 35.610738
0 27 35.951999
0 28 45.414526
0 29 36.727063
1 0 51.045468
1 1 5857.966480
1 2 28.186012
1 3 49.042421
1 4 46.480463
1 5 46.809339
1 6 43.084787
1 7 35.883716
1 8 44.285757
1 9 40.045676
1 10 66.843628
1 11 26.789025
1 12 45.721462
1 13 35.023748
1 14 36.376049
1 15 57.886003
1 16 28.139493
1 17 33.938343
1 18 39.364655
1 19 35.632521
1 20 33.438867
1 21 22.804302
1 22 23.410156
1 23 35.036621
1 24 35.088208
1 25 46.451636
1 26 29.711436
1 27 41.848462
1 28 31.671857
1 29 40.814916
2 0 27.377249
2 1 46.360244
2 2 6260.155224
2 3 21.926874
2 4 54.041952
2 5 52.664474
2 6 46.915103
2 7 37.514123
2 8 29.857798
2 9 46.436207
2 10 40.185334
2 11 30.498706
2 12 39.273245
2 13 56.425108
2 14 46.517579
2 15 25.030161
2 16 60.121323
2 17 20.371577
2 18 2.194027
2 19 50.511874
2 20 60.181709
2 21 56.641512
2 22 79.449614
2 23 37.244961
2 24 47.171533
2 25 45.413543
2 26 37.333143
2 27 30.042145
2 28 56.530056
2 29 77.793308
3 0 16.354868
3 1 62.497080
3 2 43.626136
3 3 16256.992248
3 4 24.628046
3 5 56.025647
3 6 31.932759
3 7 42.081066
3 8 32.937836
3 9 38.605942
3 10 61.153938
3 11 19.584543
3 12 37.929356
3 13 29.385047
3 14 33.010420
3 15 54.389543
3 16 19.534922
3 17 29.847174
3 18 30.835936
3 19 2.507481
3 20 58.783272
3 21 76.622287
3 22 30.393507
3 23 29.875662
3 24 57.246056
3 25 33.224842
3 26 54.831804
3 27 30.296471
3 28 48.526089
3 29 62.800264
4 0 13.257088
4 1 39.663199
4 2 54.015505
4 3 48.546309
4 4 27962.026667
4 5 24.122109
4 6 34.816170
4 7 64.521798
4 8 23.274277
4 9 38.546337
4 10 33.435669
4 11 27.666183
4 12 39.089506
4 13 26.828436
4 14 24.112679
4 15 30.784334
4 16 33.114146
4 17 31.226671
4 18 22.681967
4 19 2.679002
4 20 63.161522
4 21 44.238113
4 22 29.280427
4 23 24.877543
4 24 28.741496
4 25 11.116216
4 26 28.825247
4 27 40.888924
4 28 82.093165
4 29 51.923841
5 0 9.919880
5 1 42.584360
5 2 51.772583
5 3 40.124593
5 4 75.586664
5 5 9320.675556
5 6 20.826153
5 7 42.741450
5 8 22.999627
5 9 41.820923
5 10 27.141626
5 11 28.847054
5 12 41.846792
5 13 25.976391
5 14 22.732369
5 15 30.246658
5 16 30.496045
5 17 26.148049
5 18 32.143216
5 19 2.788317
5 20 32.006837
5 21 45.502224
5 22 30.291657
5 23 30.299535
5 24 22.043495
5 25 11.447086
5 26 22.318675
5 27 47.916284
5 28 44.503788
5 29 76.734431
6 0 8.454383
6 1 34.165029
6 2 76.055415
6 3 29.331207
6 4 70.675429
6 5 53.991864
6 6 9362.285714
6 7 24.289742
6 8 17.395090
6 9 56.562074
6 10 26.645051
6 11 30.404964
6 12 48.454333
6 13 21.363323
6 14 19.151199
6 15 28.015069
6 16 21.851024
6 17 82.106021
6 18 67.240117
6 19 2.592194
6 20 32.501387
6 21 33.444733
6 22 48.386138
6 23 41.098869
6 24 17.855396
6 25 10.760696
6 26 22.453688
6 27 24.114342
6 28 23.402580
6 29 33.128793
7 0 7.792888
7 1 24.695038
7 2 62.463573
7 3 33.437268
7 4 56.692042
7 5 63.706431
7 6 58.907109
7 7 9709.037037
7 8 11.563285
7 9 52.895604
7 10 21.286777
7 11 41.128692
7 12 49.669651
7 13 18.643174
7 14 21.725841
7 15 30.274166
7 16 26.217022
7 17 47.937094
7 18 42.612915
7 19 2.693297
7 20 43.280404
7 21 22.195608
7 22 35.730871
7 23 28.596487
7 24 47.530756
7 25 11.278103
7 26 14.542650
7 27 41.771776
7 28 17.766904
7 29 23.433175
8 0 7.088062
8 1 16.623350
8 2 46.643802
8 3 47.940382
8 4 34.236422
8 5 34.919360
8 6 48.070048
8 7 32.615624
8 8 6898.526316
8 9 19.982772
8 10 21.405845
8 11 58.735527
8 12 41.734368
8 13 14.865722
8 14 37.137454
8 15 22.467881
8 16 26.150984
8 17 33.762408
8 18 41.038550
8 19 2.887355
8 20 28.745042
8 21 34.201246
8 22 19.352491
8 23 48.377209
8 24 39.374263
8 25 10.273660
8 26 15.770906
8 27 30.477431
8 28 22.585722
8 29 22.217241
9 0 6.103256
9 1 16.681929
9 2 42.340191
9 3 31.090567
9 4 54.557923
9 5 41.188467
9 6 60.915909
9 7 28.176544
9 8 30.960671
9 9 16513.007874
9 10 12.515752
9 11 35.057120
9 12 60.040425
9 13 17.884022
9 14 28.099151
9 15 28.800703
9 16 25.110180
9 17 33.517964
9 18 42.180092
9 19 2.914841
9 20 35.415891
9 21 23.663210
9 22 25.370820
9 23 23.696901
9 24 29.277565
9 25 11.619601
9 26 26.689812
9 27 16.595725
9 28 33.529754
9 29 22.181053
10 0 5.399951
10 1 20.653253
10 2 29.104070
10 3 55.736778
10 4 26.558667
10 5 36.018686
10 6 36.912592
10 7 28.559491
10 8 29.865026
10 9 37.993261
10 10 21399.510204
10 11 12.963227
10 12 33.263839
10 13 34.013202
10 14 25.586882
10 15 51.102685
10 16 19.935663
10 17 33.867093
10 18 30.485848
10 19 3.014466
10 20 42.102186
10 21 21.567206
10 22 25.508764
10 23 22.314876
10 24 32.985498
10 25 12.416163
10 26 22.191380
10 27 14.063142
10 28 44.406725
10 29 28.364807
11 0 4.922025
11 1 14.765557
11 2 32.972014
11 3 28.620684
11 4 36.554217
11 5 48.842537
11 6 30.937377
11 7 32.968386
11 8 50.221562
11 9 23.242550
11 10 25.697558
11 11 6452.775385
11 12 15.173553
11 13 28.578562
11 14 26.460149
11 15 45.814353
11 16 30.901364
11 17 27.578502
11 18 34.779217
11 19 3.013912
11 20 25.899718
11 21 33.347942
11 22 23.165015
11 23 19.080282
11 24 29.662687
11 25 12.662967
11 26 23.781548
11 27 14.055413
11 28 43.344811
11 29 48.496913
12 0 4.635768
12 1 13.415505
12 2 29.432473
12 3 24.964015
12 4 48.289208
12 5 43.140624
12 6 37.394387
12 7 38.616606
12 8 36.046546
12 9 29.092362
12 10 18.351158
12 11 31.357876
12 12 27594.105263
12 13 15.005166
12 14 31.186271
12 15 31.252731
12 16 48.529458
12 17 31.498701
12 18 34.961274
12 19 2.966151
12 20 33.613053
12 21 20.294103
12 22 16.858000
12 23 21.608762
12 24 29.510336
12 25 14.618171
12 26 52.063057
12 27 2.304127
12 28 69.244932
12 29 54.061456
13 0 3.974581
13 1 13.413274
13 2 53.993255
13 3 17.105784
13 4 46.975002
13 5 55.870418
13 6 23.264466
13 7 29.818316
13 8 26.767825
13 9 40.043382
13 10 30.820981
13 11 25.941046
13 12 40.995230
13 13 6636.556962
13 14 18.555583
13 15 23.453616
13 16 59.078033
13 17 31.118708
13 18 32.605989
13 19 3.022421
13 20 29.620373
13 21 24.674118
13 22 12.228292
13 23 21.804677
13 24 34.752129
13 25 13.750284
13 26 34.857836
13 27 2.477966
13 28 43.483215
13 29 37.088195
14 0 3.589526
14 1 12.828501
14 2 74.692880
14 3 15.269783
14 4 32.413979
14 5 31.254594
14 6 26.778079
14 7 36.420270
14 8 35.015561
14 9 37.080326
14 10 29.099628
14 11 28.430948
14 12 35.114058
14 13 80.811992
14 14 6297.753754
14 15 14.013057
14 16 62.588474
14 17 29.160321
14 18 40.301945
14 19 3.079026
14 20 18.488839
14 21 49.228920
14 22 9.342724
14 23 22.400923
14 24 27.152520
14 25 16.346454
14 26 46.838612
14 27 2.561629
14 28 30.213104
14 29 35.607715
15 0 3.265834
15 1 16.101593
15 2 26.494915
15 3 24.906202
15 4 19.345171
15 5 33.314038
15 6 23.091810
15 7 39.030578
15 8 32.797723
15 9 36.863280
15 10 86.961022
15 11 21.346579
15 12 32.328534
15 13 34.525567
15 14 39.860716
15 15 15307.678832
15 16 23.604349
15 17 33.369697
15 18 38.448107
15 19 3.094422
15 20 15.975380
15 21 42.532541
15 22 8.038545
15 23 31.442031
15 24 26.210796
15 25 21.116166
15 26 53.909977
15 27 2.594403
15 28 25.994744
15 29 33.060378
16 0 2.943066
16 1 17.021785
16 2 56.517868
16 3 13.623797
16 4 25.083150
16 5 37.419074
16 6 21.651597
16 7 35.641604
16 8 30.846368
16 9 39.241645
16 10 33.939990
16 11 55.559582
16 12 40.295750
16 13 53.628743
16 14 33.672420
16 15 51.398265
16 16 6765.006452
16 17 17.551005
16 18 41.955627
16 19 2.989986
16 20 16.864914
16 21 42.176699
16 22 7.676420
16 23 44.734471
16 24 22.422239
16 25 29.473010
16 26 41.163405
16 27 2.564586
16 28 29.359952
16 29 33.970778
17 0 2.714352
17 1 15.762727
17 2 28.388997
17 3 14.871414
17 4 39.293849
17 5 24.789910
17 6 40.495723
17 7 35.060637
17 8 27.045718
17 9 33.858345
17 10 29.183858
17 11 56.323575
17 12 51.211252
17 13 41.156942
17 14 34.600188
17 15 46.558888
17 16 51.472695
17 17 9664.294931
17 18 21.264114
17 19 2.824261
17 20 12.093814
17 21 23.433437
17 22 15.476337
17 23 48.544061
17 24 15.777313
17 25 31.791890
17 26 45.727443
17 27 2.638607
17 28 24.023460
17 29 36.490613
18 0 2.504837
18 1 17.865892
18 2 19.122734
18 3 16.050329
18 4 36.725776
18 5 35.255140
18 6 60.243946
18 7 27.775744
18 8 23.871692
18 9 43.391446
18 10 26.411496
18 11 50.914105
18 12 46.887831
18 13 36.013738
18 14 38.687845
18 15 46.158208
18 16 65.991756
18 17 54.191374
18 18 9576.036530
18 19 2.503736
18 20 14.594772
18 21 17.929280
18 22 28.397454
18 23 42.207257
18 24 13.015522
18 25 33.223789
18 26 55.631801
18 27 2.694006
18 28 22.811991
18 29 28.064180
19 0 2.357286
19 1 14.716133
19 2 2.202865
19 3 73.757676
19 4 56.379601
19 5 57.481417
19 6 38.009098
19 7 48.610449
19 8 53.635601
19 9 33.191713
19 10 38.169594
19 11 49.485641
19 12 39.466145
19 13 64.919267
19 14 43.086557
19 15 44.894398
19 16 37.002470
19 17 26.184288
19 18 25.822543
19 19 9238.555066
19 20 9.977791
19 21 22.367474
19 22 29.377637
19 23 31.647004
19 24 12.967395
19 25 32.993282
19 26 53.397973
19 27 2.746808
19 28 19.508209
19 29 33.587751
20 0 2.237234
20 1 14.891901
20 2 2.238572
20 3 56.753410
20 4 54.573540
20 5 48.670241
20 6 37.768829
20 7 32.253457
20 8 41.922079
20 9 71.773572
20 10 33.453803
20 11 32.547289
20 12 66.739395
20 13 46.295768
20 14 23.896445
20 15 34.417908
20 16 42.913749
20 17 21.705154
20 18 20.328135
20 19 34.269989
20 20 28339.891892
20 21 14.870676
20 22 32.108275
20 23 26.144138
20 24 15.109273
20 25 30.919588
20 26 62.213415
20 27 2.774212
20 28 17.145642
20 29 27.010536
21 0 2.136298
21 1 10.979566
21 2 2.383016
21 3 41.598604
21 4 56.175721
21 5 40.103876
21 6 23.977316
21 7 29.805179
21 8 69.573433
21 9 35.726610
21 10 36.268474
21 11 74.148853
21 12 33.455938
21 13 41.743506
21 14 50.356625
21 15 32.977199
21 16 36.452556
21 17 12.476438
21 18 28.974592
21 19 40.487905
21 20 54.720209
21 21 7157.515358
21 22 13.986048
21 23 30.615358
21 24 16.751218
21 25 29.530697
21 26 58.328753
21 27 2.830852
21 28 15.459110
21 29 28.134208
22 0 2.023534
22 1 9.248904
22 2 2.525767
22 3 33.883509
22 4 43.373498
22 5 30.632351
22 6 60.713103
22 7 21.388161
22 8 40.708751
22 9 38.810993
22 10 43.547323
22 11 25.997645
22 12 23.196018
22 13 22.768650
22 14 21.568093
22 15 26.957760
22 16 33.412762
22 17 64.121323
22 18 82.970090
22 19 57.333698
22 20 41.154519
22 21 33.805948
22 22 9446.630631
22 23 18.486557
22 24 14.302924
22 25 39.253397
22 26 58.049437
22 27 2.790068
22 28 16.214884
22 29 28.615217
23 0 1.936579
23 1 8.913620
23 2 2.552920
23 3 24.562855
23 4 35.738178
23 5 43.479609
23 6 56.329627
23 7 20.799302
23 8 35.408716
23 9 32.467171
23 10 42.210656
23 11 30.757696
23 12 22.736806
23 13 26.709188
23 14 16.951614
23 15 37.595497
23 16 50.201125
23 17 54.979866
23 18 76.371158
23 19 47.632234
23 20 31.432605
23 21 33.773283
23 22 57.473540
23 23 9619.963303
23 24 11.351296
23 25 32.258418
23 26 52.118694
23 27 2.864891
23 28 14.825787
23 29 26.034114
24 0 1.821792
24 1 9.168639
24 2 2.620169
24 3 23.497765
24 4 23.994874
24 5 37.764068
24 6 33.530290
24 7 66.041631
24 8 29.708490
24 9 23.817199
24 10 42.290669
24 11 27.036304
24 12 20.743343
24 13 34.244807
24 14 21.186992
24 15 26.616644
24 16 28.243330
24 17 30.259314
24 18 37.567211
24 19 55.183854
24 20 40.215387
24 21 46.786364
24 22 49.690835
24 23 41.048189
24 24 9576.036530
24 25 20.345292
24 26 43.151276
24 27 2.886810
24 28 13.980641
24 29 23.199611
25 0 1.750933
25 1 9.367890
25 2 2.626782
25 3 7.119923
25 4 51.477749
25 5 43.334063
25 6 27.966874
25 7 67.259525
25 8 30.915486
25 9 29.865877
25 10 47.047717
25 11 37.463861
25 12 23.717268
25 13 25.996033
25 14 32.667954
25 15 42.298346
25 16 49.626162
25 17 31.511006
25 18 38.270594
25 19 51.687090
25 20 40.368662
25 21 44.254917
25 22 48.951985
25 23 43.200165
25 24 52.720078
25 25 9619.963303
25 26 22.301587
25 27 2.923630
25 28 13.097377
25 29 24.690386
26 0 1.679402
26 1 9.242342
26 2 2.614502
26 3 22.957580
26 4 8.304763
26 5 32.095990
26 6 25.525530
26 7 28.017688
26 8 41.681282
26 9 60.083429
26 10 37.535609
26 11 34.577369
26 12 62.504530
26 13 25.568476
26 14 29.949046
26 15 41.335409
26 16 76.835642
26 17 29.581099
26 18 40.252438
26 19 42.517020
26 20 55.210004
26 21 43.303640
26 22 40.852284
26 23 40.664547
26 24 50.975984
26 25 55.151926
26 26 25266.891566
26 27 2.772665
26 28 12.270361
26 29 25.839406
27 0 1.597789
27 1 8.775833
27 2 2.613098
27 3 29.816197
27 4 8.327980
27 5 27.947866
27 6 19.023857
27 7 73.929284
27 8 24.242570
27 9 25.935913
27 10 30.171810
27 11 34.952533
27 12 2.654425
27 13 59.365680
27 14 50.977224
27 15 61.811837
27 16 39.768499
27 17 58.783272
27 18 58.155681
27 19 64.190016
27 20 61.004509
27 21 55.399604
27 22 57.820568
27 23 43.487724
27 24 54.890645
27 25 61.635621
27 26 59.562953
27 27 9619.963303
27 28 9.238636
27 29 29.044817
29 0 1.472626
29 1 8.774915
29 2 2.766757
29 3 23.091301
29 4 9.714614
29 5 23.833439
29 6 10.395578
29 7 25.254416
29 8 52.882265
29 9 32.703615
29 10 48.653304
29 11 56.777994
29 12 2.718765
29 13 32.612581
29 14 38.363004
29 15 50.415943
29 16 38.976174
29 17 42.094580
29 18 37.152586
29 19 42.854994
29 20 44.852150
29 21 43.861544
29 22 44.304468
29 23 37.994637
29 24 42.580902
29 25 41.803417
29 26 50.015550
29 27 53.756588
29 28 61.919513
29 29 29127.111111
28 0 1.528932
28 1 9.296051
28 2 2.688401
28 3 23.137924
28 4 8.838450
28 5 28.884004
28 6 13.170087
28 7 27.753322
28 8 38.765795
28 9 41.594478
28 10 29.811958
28 11 38.951560
28 12 2.717891
28 13 40.543479
28 14 35.977286
28 15 56.850335
28 16 44.477360
28 17 38.732145
28 18 44.292304
28 19 45.977068
28 20 44.531193
28 21 46.301901
28 22 45.378167
28 23 45.795344
28 24 45.005193
28 25 44.446253
28 26 46.163288
28 27 35.871440
28 28 26886.564103
28 29 20.670760
