0 0 746.849003
0 1 5.318833
0 2 1044.398406
0 3 1820.444444
0 4 1971.007519
0 5 169.672492
0 6 112.556462
0 7 1913.459854
0 8 2080.507937
0 9 0.320340
0 10 11.078223
0 11 1351.257732
0 12 1524.093023
0 13 1304.199005
0 14 1669.707006
0 15 17.614837
0 16 1432.480874
0 17 1713.359477
0 18 1598.439024
0 19 1092.266667
0 20 1680.410256
0 21 1272.543689
0 22 0.079113
0 23 1337.469388
0 24 1542.023529
0 25 1497.965714
0 26 1588.751515
0 27 1736.052980
0 28 1795.506849
0 29 1795.506849
1 0 8.870001
1 1 2978.909091
1 2 9.071041
1 3 41.702832
1 4 1736.052980
1 5 89.683202
1 6 42.925168
1 7 1899.594203
1 8 118.456394
1 9 0.324132
1 10 14.096795
1 11 25.332818
1 12 1489.454545
1 13 2016.492308
1 14 1351.257732
1 15 0.294411
1 16 1648.704403
1 17 2080.507937
1 18 2080.507937
1 19 1691.251613
1 20 1747.626667
1 21 1186.171946
1 22 0.108722
1 23 5.600291
1 24 0.313602
1 25 1783.292517
1 26 2048.000000
1 27 2001.099237
1 28 1713.359477
1 29 1074.360656
2 0 5.141389
2 1 4369.066667
2 2 16384.000000
2 3 10.986296
2 4 32.291697
2 5 4599.017544
2 6 83.114775
2 7 40.794273
2 8 122.669162
2 9 0.332776
2 10 8.073173
2 11 43.073283
2 12 15.901971
2 13 5461.333333
2 14 250.855502
2 15 34.217987
2 16 0.298286
2 17 49.302990
2 18 120.304727
2 19 6721.641026
2 20 7084.972973
2 21 50.286591
2 22 0.109946
2 23 7.671983
2 24 13.770960
2 25 0.306454
2 26 5825.422222
2 27 6553.600000
2 28 7281.777778
2 29 3449.263158
3 0 3.871970
3 1 17.653983
3 2 3591.013699
3 3 15420.235294
3 4 11.639464
3 5 21.369854
3 6 211.236100
3 7 3855.058824
3 8 24.621396
3 9 0.341296
3 10 7.401852
3 11 14.751224
3 12 17.758027
3 13 28.239147
3 14 4443.118644
3 15 5825.422222
3 16 0.303410
3 17 14.591929
3 18 24.501729
3 19 112.411664
3 20 72.595957
3 21 3196.878049
3 22 0.110899
3 23 13.037450
3 24 7.980273
3 25 0.305960
3 26 15.080481
3 27 2473.056604
3 28 62.504530
3 29 72.375483
4 0 4.304499
4 1 13.823973
4 2 24.987513
4 3 2184.533333
4 4 7710.117647
4 5 10.525335
4 6 25.073553
4 7 250.615679
4 8 115.992920
4 9 0.344102
4 10 0.272723
4 11 2114.064516
4 12 2202.890756
4 13 2404.990826
4 14 2319.858407
4 15 2361.657658
4 16 2449.943925
4 17 201.184958
4 18 11.449836
4 19 33.956477
4 20 250.137405
4 21 1149.754386
4 22 0.111786
4 23 11.357075
4 24 8.549754
4 25 0.306533
4 26 11.594162
4 27 25.577520
4 28 120.859382
4 29 41.862664
5 0 4.699521
5 1 13.716199
5 2 17.620757
5 3 20.959783
5 4 1317.306533
5 5 5041.230769
5 6 10.374545
5 7 25.605001
5 8 209.715200
5 9 0.351785
5 10 0.272114
5 11 8.122452
5 12 44.087454
5 13 2788.765957
5 14 117.395432
5 15 2730.666667
5 16 6241.523810
5 17 6898.526316
5 18 5957.818182
5 19 28.690380
5 20 27.585394
5 21 107.480115
5 22 0.113044
5 23 6.369211
5 24 19.596621
5 25 0.307294
5 26 7.652052
5 27 36.510306
5 28 36.429127
5 29 72.475532
6 0 4.726381
6 1 12.255446
6 2 20.690134
6 3 13.050431
6 4 27.383683
6 5 1278.751220
6 6 4599.017544
6 7 12.527191
6 8 28.972591
6 9 0.356703
6 10 0.272554
6 11 7.387459
6 12 13.423319
6 13 22.581101
6 14 22.755556
6 15 0.301248
6 16 5698.782609
6 17 2880.703297
6 18 7489.828571
6 19 7281.777778
6 20 5140.078431
6 21 7084.972973
6 22 0.181495
6 23 8.677679
6 24 13.704726
6 25 0.307557
6 26 8.719242
6 27 24.259115
6 28 30.825964
6 29 31.625528
7 0 3.671999
7 1 11.292982
7 2 19.400829
7 3 17.443705
7 4 17.874267
7 5 24.961341
7 6 3120.761905
7 7 11397.565217
7 8 12.087610
7 9 0.359978
7 10 0.272569
7 11 7.818193
7 12 7.388501
7 13 141.622907
7 14 16.825674
7 15 36.653244
7 16 0.295646
7 17 90.363323
7 18 3744.914286
7 19 3744.914286
7 20 2702.515464
7 21 2064.125984
7 22 0.187840
7 23 4.725444
7 24 23.363993
7 25 0.311503
7 26 6.812474
7 27 18.027921
7 28 24.306351
7 29 32.248001
8 0 3.770717
8 1 11.896170
8 2 12.670082
8 3 20.876324
8 4 21.845333
8 5 17.001362
8 6 28.724962
8 7 1074.360656
8 8 6393.756098
8 9 0.356770
8 10 0.272290
8 11 7.732861
8 12 7.472322
8 13 19.815859
8 14 27.329441
8 15 26.117764
8 16 0.298967
8 17 6.012477
8 18 2131.252033
8 19 2221.559322
8 20 2148.721311
8 21 1515.283237
8 22 0.193190
8 23 4.886370
8 24 14.138612
8 25 0.313697
8 26 3.098153
8 27 2148.721311
8 28 2131.252033
8 29 1771.243243
9 0 0.304155
9 1 5242.880000
9 2 6721.641026
9 3 2674.938776
9 4 5825.422222
9 5 5698.782609
9 6 6553.600000
9 7 5957.818182
9 8 4681.142857
9 9 17476.266667
9 10 0.266503
9 11 7.211069
9 12 7.778985
9 13 10.789151
9 14 32.649645
9 15 30.833216
9 16 0.301368
9 17 5.983384
9 18 12.279558
9 19 5461.333333
9 20 2912.711111
9 21 7281.777778
9 22 0.196257
9 23 4.930855
9 24 13.328452
9 25 0.314027
9 26 3.014709
9 27 20.821604
9 28 40.699270
9 29 7084.972973
10 0 0.295985
10 1 11.308084
10 2 4854.518519
10 3 0.284481
10 4 2319.858407
10 5 6553.600000
10 6 6721.641026
10 7 2621.440000
10 8 5825.422222
10 9 2473.056604
10 10 16384.000000
10 11 5.064802
10 12 7.596175
10 13 11.040431
10 14 16.206739
10 15 35.588379
10 16 0.303548
10 17 5.406926
10 18 14.815418
10 19 19.455544
10 20 42.431855
10 21 2788.765957
10 22 0.199318
10 23 2.413493
10 24 5242.880000
10 25 0.328451
10 26 3.085027
10 27 12.264621
10 28 22.012260
10 29 16.396297
11 0 0.288970
11 1 20.012520
11 2 26.364679
11 3 12.725437
11 4 0.284121
11 5 1394.382979
11 6 1885.928058
11 7 1833.174825
11 8 217.727575
11 9 1083.239669
11 10 1330.680203
11 11 5140.078431
11 12 5.245293
11 13 10.343842
11 14 13.525824
11 15 17.999451
11 16 0.307407
11 17 6.030180
11 18 8.646195
11 19 23.045626
11 20 24.049908
11 21 31.185344
11 22 0.202426
11 23 2.395475
11 24 8.525840
11 25 0.339735
11 26 2.973874
11 27 19.617152
11 28 15.032917
11 29 14.362481
12 0 0.288000
12 1 11.739018
12 2 12.097093
12 3 47.250180
12 4 0.285553
12 5 11.604427
12 6 15.055364
12 7 1680.410256
12 8 2240.547009
12 9 2064.125984
12 10 1242.388626
12 11 1736.052980
12 12 4854.518519
12 13 6.120284
12 14 17.517140
12 15 16.227807
12 16 0.308127
12 17 6.197404
12 18 0.297584
12 19 1542.023529
12 20 2064.125984
12 21 1736.052980
12 22 0.551891
12 23 2.443413
12 24 6.855230
12 25 0.343139
12 26 3.043762
12 27 11.247919
12 28 21.682713
12 29 12.816897
13 0 0.287592
13 1 10.228812
13 2 10.770533
13 3 25.293709
13 4 0.290595
13 5 7.407500
13 6 14.942088
13 7 30.822340
13 8 20.565153
13 9 5349.877551
13 10 7084.972973
13 11 32.690360
13 12 2032.124031
13 13 16384.000000
13 14 9.363623
13 15 16.615580
13 16 0.309760
13 17 6.047849
13 18 0.297449
13 19 20.058459
13 20 36.576531
13 21 5461.333333
13 22 0.572726
13 23 2.527932
13 24 7.230761
13 25 0.341673
13 26 3.030566
13 27 11.849923
13 28 14.056732
13 29 17.549977
14 0 0.289177
14 1 11.357075
14 2 10.260441
14 3 12.927508
14 4 0.291293
14 5 8.002931
14 6 10.761690
14 7 59.591725
14 8 25.465708
14 9 20.615288
14 10 61.334581
14 11 1236.528302
14 12 36.217740
14 13 1052.787149
14 14 4946.113208
14 15 10.778947
14 16 0.310434
14 17 6.042273
14 18 0.296671
14 19 15.074411
14 20 27.423789
14 21 23.580462
14 22 0.603642
14 23 2.445236
14 24 0.291686
14 25 1464.491620
14 26 1569.724551
14 27 16.222786
14 28 16.621901
14 29 14.710662
15 0 0.285943
15 1 14.117292
15 2 25.406474
15 3 12.537376
15 4 0.293814
15 5 6.208265
15 6 9.422523
15 7 22.069709
15 8 29.860349
15 9 39.021137
15 10 39.875875
15 11 26.032175
15 12 109.959732
15 13 71.800603
15 14 2978.909091
15 15 14563.555556
15 16 0.307579
15 17 5.729923
15 18 0.298041
15 19 8.440194
15 20 36.454457
15 21 29.718173
15 22 0.612178
15 23 2.467888
15 24 0.291054
15 25 12.332706
15 26 5461.333333
15 27 43.719813
15 28 23.964165
15 29 20.534545
16 0 0.283749
16 1 0.290694
16 2 1971.007519
16 3 1759.355705
16 4 5.513018
16 5 6.408292
16 6 0.290596
16 7 1846.084507
16 8 2166.479339
16 9 2299.508772
16 10 2148.721311
16 11 2080.507937
16 12 2319.858407
16 13 2166.479339
16 14 1807.889655
16 15 2221.559322
16 16 7084.972973
16 17 3.730737
16 18 0.297929
16 19 8.342424
16 20 14.394026
16 21 25.181940
16 22 0.628649
16 23 2.448091
16 24 0.294828
16 25 7.078660
16 26 28.358286
16 27 79.970714
16 28 33.157602
16 29 23.946652
17 0 0.284559
17 1 0.290744
17 2 13.285895
17 3 2048.000000
17 4 9.457537
17 5 6.215478
17 6 0.290703
17 7 5.352936
17 8 2202.890756
17 9 2340.571429
17 10 2131.252033
17 11 2473.056604
17 12 2449.943925
17 13 2520.615385
17 14 39.503315
17 15 2299.508772
17 16 2319.858407
17 17 7710.117647
17 18 0.292682
17 19 8.737260
17 20 14.191425
17 21 14.566793
17 22 0.640652
17 23 2.459760
17 24 0.293944
17 25 3.286001
17 26 2064.125984
17 27 2148.721311
17 28 2221.559322
17 29 2279.513043
18 0 0.284362
18 1 0.290639
18 2 11.046479
18 3 26.465825
18 4 15.416608
18 5 6.958036
18 6 0.291005
18 7 7.678950
18 8 6.621972
18 9 233.224199
18 10 16.737581
18 11 0.309505
18 12 1807.889655
18 13 2148.721311
18 14 2259.862069
18 15 2202.890756
18 16 2427.259259
18 17 1115.506383
18 18 4443.118644
18 19 5.490042
18 20 15.823263
18 21 12.645634
18 22 0.645104
18 23 2.490135
18 24 0.292170
18 25 3.463116
18 26 17.517140
18 27 48.590176
18 28 250.615679
18 29 246.607714
19 0 0.285301
19 1 0.290462
19 2 11.182664
19 3 18.349713
19 4 11.633265
19 5 10.385231
19 6 0.289844
19 7 8.701587
19 8 6.381149
19 9 12.806253
19 10 39.044385
19 11 34.762498
19 12 0.309243
19 13 3640.888889
19 14 18.142709
19 15 5461.333333
19 16 7084.972973
19 17 235.106726
19 18 5461.333333
19 19 13797.052632
19 20 7.787766
19 21 13.943088
19 22 0.641604
19 23 2.577773
19 24 0.291649
19 25 3.441520
19 26 15.982441
19 27 22.850767
19 28 30.034830
19 29 2570.039216
20 0 0.282231
20 1 0.290842
20 2 11.023254
20 3 12.923684
20 4 12.576473
20 5 10.129603
20 6 0.291122
20 7 6.224037
20 8 9.048497
20 9 11.991949
20 10 20.742523
20 11 24.760933
20 12 0.313409
20 13 17.465787
20 14 26.282735
20 15 19.928843
20 16 963.764706
20 17 326.455791
20 18 81.335402
20 19 2032.124031
20 20 7281.777778
20 21 9.003125
20 22 0.649201
20 23 2.500467
20 24 0.293745
20 25 3.157601
20 26 15.939681
20 27 16.362524
20 28 26.594704
20 29 28.633971
21 0 0.284202
21 1 0.292762
21 2 10.991824
21 3 12.423886
21 4 12.438034
21 5 8.924051
21 6 0.292914
21 7 8.112648
21 8 6.550816
21 9 13.019966
21 10 13.342699
21 11 20.436891
21 12 0.316705
21 13 10.819878
21 14 26.001190
21 15 33.586675
21 16 18.639363
21 17 73.326993
21 18 1783.292517
21 19 72.838011
21 20 4443.118644
21 21 16384.000000
21 22 0.635136
21 23 2.525350
21 24 0.291143
21 25 3.505583
21 26 13.618578
21 27 17.267901
21 28 19.649502
21 29 21.423995
22 0 0.062536
22 1 1885.928058
22 2 1971.007519
22 3 2319.858407
22 4 2202.890756
22 5 2259.862069
22 6 2016.492308
22 7 2097.152000
22 8 2319.858407
22 9 2383.127273
22 10 2048.000000
22 11 2545.087379
22 12 2702.515464
22 13 2570.039216
22 14 2702.515464
22 15 2361.657658
22 16 2730.666667
22 17 2496.609524
22 18 2702.515464
22 19 2647.919192
22 20 2032.124031
22 21 1524.093023
22 22 7489.828571
22 23 1.694882
22 24 0.291462
22 25 3.471830
22 26 11.502084
22 27 18.180456
22 28 20.443266
22 29 17.533543
23 0 0.061946
23 1 4369.066667
23 2 1680.410256
23 3 5349.877551
23 4 27.617362
23 5 4946.113208
23 6 8.899209
23 7 2404.990826
23 8 5957.818182
23 9 7.194643
23 10 2621.440000
23 11 7084.972973
23 12 7489.828571
23 13 2520.615385
23 14 2595.485149
23 15 7710.117647
23 16 8456.258065
23 17 7710.117647
23 18 2702.515464
23 19 6721.641026
23 20 2818.752688
23 21 2496.609524
23 22 5461.333333
23 23 17476.266667
23 24 0.281057
23 25 0.297098
23 26 2674.938776
23 27 5825.422222
23 28 6096.372093
23 29 5825.422222
24 0 0.061800
24 1 7.266639
24 2 2001.099237
24 3 1724.631579
24 4 1759.355705
24 5 19.389349
24 6 1618.172840
24 7 22.003022
24 8 242.950880
24 9 2148.721311
24 10 3.968331
24 11 41.081962
24 12 2097.152000
24 13 0.308966
24 14 2131.252033
24 15 2131.252033
24 16 2361.657658
24 17 2496.609524
24 18 2473.056604
24 19 2427.259259
24 20 2570.039216
24 21 1542.023529
24 22 2449.943925
24 23 2166.479339
24 24 7489.828571
24 25 0.286993
24 26 23.483293
24 27 82.487099
24 28 82.825908
24 29 61.363296
25 0 0.061800
25 1 0.298667
25 2 1783.292517
25 3 2032.124031
25 4 2259.862069
25 5 2279.513043
25 6 2240.547009
25 7 2240.547009
25 8 2240.547009
25 9 2259.862069
25 10 2496.609524
25 11 2702.515464
25 12 1885.928058
25 13 1456.355556
25 14 1.963390
25 15 14.523213
25 16 6.689736
25 17 2279.513043
25 18 2361.657658
25 19 2404.990826
25 20 2361.657658
25 21 2319.858407
25 22 2520.615385
25 23 0.318226
25 24 2299.508772
25 25 7084.972973
25 26 10.766994
25 27 22.583046
25 28 80.634882
25 29 82.878280
26 0 0.061826
26 1 0.299313
26 2 8.768531
26 3 64.031265
26 4 13.146640
26 5 1885.928058
26 6 2221.559322
26 7 5.823610
26 8 2184.533333
26 9 2361.657658
26 10 2299.508772
26 11 1724.631579
26 12 2279.513043
26 13 2221.559322
26 14 6.981756
26 15 11.524333
26 16 33.625449
26 17 6.059172
26 18 61.797265
26 19 62.222644
26 20 2166.479339
26 21 63.365724
26 22 2221.559322
26 23 0.326596
26 24 49.136645
26 25 2240.547009
26 26 7281.777778
26 27 10.614836
26 28 27.926281
26 29 35.092905
27 0 0.061788
27 1 0.298228
27 2 9.609736
27 3 15.435671
27 4 31.698186
27 5 25.308361
27 6 40.015875
27 7 113.286085
27 8 6.023529
27 9 49.998856
27 10 2032.124031
27 11 25.028070
27 12 1859.177305
27 13 1542.023529
27 14 21.305592
27 15 17.363980
27 16 23.198584
27 17 6.296695
27 18 20.909628
27 19 30.764464
27 20 250.137405
27 21 83.246745
27 22 118.189360
27 23 0.334909
27 24 16.574608
27 25 25.320583
27 26 2240.547009
27 27 7281.777778
27 28 11.894551
27 29 27.247064
29 0 0.061797
29 1 0.298745
29 2 8.669930
29 3 14.386127
29 4 18.485579
29 5 19.965270
29 6 25.225558
29 7 34.209057
29 8 11.665361
29 9 8.225416
29 10 23.345267
29 11 121.138632
29 12 239.838975
29 13 58.383964
29 14 52.947687
29 15 59.891250
29 16 23.320345
29 17 10.922212
29 18 14.077113
29 19 16.278192
29 20 23.186273
29 21 38.482678
29 22 121.138632
29 23 0.346681
29 24 12.335027
29 25 19.403701
29 26 22.622023
29 27 24.481136
29 28 2404.990826
29 29 6721.641026
28 0 0.061719
28 1 0.299049
28 2 8.804460
28 3 15.610314
28 4 19.185012
28 5 24.167420
28 6 28.584015
28 7 45.598191
28 8 8.419592
28 9 15.809903
28 10 28.060801
28 11 2080.507937
28 12 31.492552
28 13 2001.099237
28 14 72.797556
28 15 21.639756
28 16 26.138598
28 17 7.404989
28 18 14.852351
28 19 26.196063
28 20 31.211335
28 21 129.581809
28 22 39.610759
28 23 0.342165
28 24 13.580480
28 25 18.810563
28 26 30.836843
28 27 2166.479339
28 28 4946.113208
28 29 11.841359
