0 0 1253.902541
0 1 70.966008
0 2 81.350388
0 3 74.848164
0 4 68.255002
0 5 58.217836
0 6 27.788257
0 7 53.578391
0 8 70.254583
0 9 78.467873
0 10 85.312505
0 11 50.295335
0 12 62.188509
0 13 75.892340
0 14 72.358003
0 15 73.816739
0 16 67.919002
0 17 75.614599
0 18 77.772392
0 19 35.785134
0 20 47.539106
0 21 44.894878
0 22 42.617678
0 23 53.885389
0 24 80.964086
0 25 74.094493
0 26 87.628702
0 27 45.693568
0 28 75.534257
0 29 80.119655
1 0 77.075673
1 1 3896.241523
1 2 35.306481
1 3 82.038571
1 4 68.952941
1 5 25.819205
1 6 64.466263
1 7 40.726538
1 8 53.713561
1 9 48.317578
1 10 47.979318
1 11 93.286567
1 12 71.578207
1 13 57.440875
1 14 71.658919
1 15 78.195045
1 16 66.632310
1 17 76.278796
1 18 43.410084
1 19 37.469885
1 20 58.746633
1 21 33.432071
1 22 36.804247
1 23 55.919580
1 24 25.919805
1 25 51.502084
1 26 36.259068
1 27 40.101576
1 28 33.759691
1 29 47.054579
2 0 34.961565
2 1 74.583304
2 2 30174.848921
2 3 30.153264
2 4 36.707616
2 5 65.578524
2 6 59.972604
2 7 32.123522
2 8 58.886020
2 9 48.314517
2 10 62.822368
2 11 36.483788
2 12 42.012150
2 13 32.921677
2 14 43.150388
2 15 46.227395
2 16 34.031140
2 17 54.075047
2 18 17.602270
2 19 51.341955
2 20 8.122176
2 21 44.075177
2 22 45.285812
2 23 31.260301
2 24 31.111437
2 25 43.941960
2 26 24.607456
2 27 52.007861
2 28 81.544133
2 29 42.645844
3 0 25.175517
3 1 78.333050
3 2 45.486680
3 3 23831.272727
3 4 19.968074
3 5 8.269405
3 6 46.058354
3 7 78.478885
3 8 38.400410
3 9 22.711013
3 10 33.879540
3 11 47.550963
3 12 56.995570
3 13 76.215037
3 14 49.031815
3 15 30.570060
3 16 39.427376
3 17 45.213563
3 18 72.855723
3 19 73.293678
3 20 34.136945
3 21 23.615247
3 22 34.865515
3 23 52.295121
3 24 15.093424
3 25 52.807030
3 26 47.793707
3 27 51.044225
3 28 45.735421
3 29 68.728661
4 0 18.680040
4 1 69.926044
4 2 27.571794
4 3 53.058874
4 4 9029.717976
4 5 24.443827
4 6 7.656976
4 7 35.536065
4 8 75.116930
4 9 16.249057
4 10 22.657768
4 11 36.170422
4 12 56.117847
4 13 36.410627
4 14 10.991406
4 15 34.030864
4 16 51.005120
4 17 65.702309
4 18 72.325562
4 19 54.570345
4 20 33.031087
4 21 72.304367
4 22 82.630916
4 23 42.244029
4 24 39.891234
4 25 57.899587
4 26 61.583585
4 27 72.086897
4 28 80.940650
4 29 59.424556
5 0 13.185862
5 1 35.209859
5 2 90.847743
5 3 35.915211
5 4 67.078276
5 5 29959.314286
5 6 6.885011
5 7 24.203121
5 8 30.196790
5 9 19.119770
5 10 17.570967
5 11 34.480439
5 12 30.562153
5 13 47.134690
5 14 16.793741
5 15 27.925630
5 16 33.951529
5 17 29.525189
5 18 51.334100
5 19 12.181077
5 20 43.358253
5 21 65.887054
5 22 46.724602
5 23 34.713875
5 24 47.924770
5 25 47.549615
5 26 54.058669
5 27 42.855870
5 28 62.049130
5 29 60.223618
6 0 9.154731
6 1 91.092400
6 2 75.661658
6 3 7.634190
6 4 39.435161
6 5 71.381473
6 6 29852.697509
6 7 14.601479
6 8 31.897425
6 9 15.988808
6 10 26.997670
6 11 16.469338
6 12 37.087047
6 13 51.667352
6 14 23.621498
6 15 28.604483
6 16 22.264592
6 17 7.361825
6 18 58.921591
6 19 39.335490
6 20 47.472118
6 21 58.304834
6 22 36.902200
6 23 48.653868
6 24 37.750473
6 25 17.493578
6 26 94.484395
6 27 48.746037
6 28 81.794592
6 29 69.142768
7 0 7.657480
7 1 51.169081
7 2 55.947178
7 3 8.773217
7 4 26.626275
7 5 41.625025
7 6 30.029025
7 7 11865.074965
7 8 20.073194
7 9 12.948900
7 10 31.553558
7 11 16.947641
7 12 38.795198
7 13 84.663289
7 14 24.294314
7 15 28.640227
7 16 20.002547
7 17 8.140107
7 18 36.403675
7 19 48.819797
7 20 49.653775
7 21 61.706350
7 22 38.132290
7 23 50.352393
7 24 33.791513
7 25 18.550126
7 26 50.468114
7 27 49.334016
7 28 52.000446
7 29 65.062265
8 0 7.171473
8 1 35.320455
8 2 71.314115
8 3 7.831506
8 4 41.108134
8 5 20.572920
8 6 53.813834
8 7 35.780097
8 8 8542.370672
8 9 11.029660
8 10 1.956447
8 11 68.667900
8 12 48.178549
8 13 81.940805
8 14 32.740120
8 15 24.167907
8 16 72.257033
8 17 59.289734
8 18 77.472160
8 19 63.332714
8 20 52.541107
8 21 16.152657
8 22 85.289085
8 23 30.955986
8 24 30.956786
8 25 58.924074
8 26 48.054352
8 27 76.250368
8 28 72.770401
8 29 51.550191
9 0 6.531302
9 1 30.804230
9 2 61.696819
9 3 6.973364
9 4 18.397200
9 5 30.903414
9 6 36.262360
9 7 22.652506
9 8 55.274031
9 9 28532.680272
9 10 1.915925
9 11 47.708356
9 12 31.587063
9 13 43.970060
9 14 44.131754
9 15 48.620310
9 16 45.829120
9 17 43.979281
9 18 44.529538
9 19 22.847033
9 20 19.385361
9 21 70.398442
9 22 46.004300
9 23 46.540548
9 24 55.024585
9 25 48.806163
9 26 31.088262
9 27 64.723418
9 28 41.179975
9 29 48.895775
10 0 6.106908
10 1 23.412900
10 2 72.874078
10 3 6.359135
10 4 15.020830
10 5 28.571164
10 6 44.616695
10 7 36.644277
10 8 1.987574
10 9 75.521337
10 10 21732.145078
10 11 22.484442
10 12 34.522725
10 13 29.974837
10 14 49.107017
10 15 82.456288
10 16 29.911563
10 17 26.660039
10 18 29.482954
10 19 34.159464
10 20 34.962148
10 21 86.074966
10 22 34.200828
10 23 56.949138
10 24 36.762956
10 25 50.379004
10 26 11.693510
10 27 86.344302
10 28 2.213218
10 29 38.847119
11 0 5.414031
11 1 26.850935
11 2 37.004592
11 3 6.560565
11 4 15.528420
11 5 21.735298
11 6 20.664141
11 7 30.408160
11 8 2.201522
11 9 62.022521
11 10 46.644062
11 11 4380.474151
11 12 24.386764
11 13 21.826349
11 14 74.044787
11 15 37.987927
11 16 33.902132
11 17 25.349507
11 18 30.825398
11 19 1.951222
11 20 46.950288
11 21 40.360505
11 22 28.126850
11 23 20.344700
11 24 25.894841
11 25 43.957618
11 26 26.917105
11 27 44.666823
11 28 44.418717
11 29 39.010068
12 0 4.912798
12 1 33.663502
12 2 28.177680
12 3 6.500116
12 4 14.687610
12 5 15.967261
12 6 22.524167
12 7 39.404411
12 8 2.234503
12 9 44.170794
12 10 49.040414
12 11 65.547778
12 12 4854.518519
12 13 16.990859
12 14 77.309372
12 15 20.408302
12 16 61.984941
12 17 29.090849
12 18 32.296795
12 19 1.933680
12 20 47.412016
12 21 46.101132
12 22 24.633253
12 23 18.768644
12 24 17.223017
12 25 62.515244
12 26 32.227311
12 27 23.069012
12 28 50.864093
12 29 41.006052
13 0 4.668640
13 1 25.835984
13 2 24.640199
13 3 7.231827
13 4 12.737707
13 5 17.946234
13 6 23.067173
13 7 45.496054
13 8 2.231008
13 9 24.817119
13 10 35.599102
13 11 38.163343
13 12 66.971171
13 13 30615.357664
13 14 32.318694
13 15 15.222649
13 16 37.000675
13 17 7.453460
13 18 72.283183
13 19 2.528231
13 20 27.296715
13 21 46.980001
13 22 29.217503
13 23 21.504123
13 24 11.247813
13 25 57.556746
13 26 27.322498
13 27 42.635440
13 28 82.379361
13 29 48.767291
14 0 4.305350
14 1 33.046702
14 2 13.882609
14 3 8.298930
14 4 6.468963
14 5 48.410432
14 6 53.935973
14 7 43.959691
14 8 2.267943
14 9 31.243535
14 10 37.428257
14 11 70.155287
14 12 67.099202
14 13 49.874597
14 14 4642.284449
14 15 10.453511
14 16 36.909993
14 17 7.836869
14 18 57.390181
14 19 2.517780
14 20 33.092070
14 21 36.618683
14 22 43.015414
14 23 18.140316
14 24 9.648821
14 25 56.075832
14 26 39.204049
14 27 61.533442
14 28 65.382759
14 29 64.423190
15 0 4.099064
15 1 28.497011
15 2 14.170185
15 3 7.289156
15 4 6.615486
15 5 40.681704
15 6 42.358578
15 7 55.545235
15 8 2.238862
15 9 93.556031
15 10 46.444177
15 11 31.826266
15 12 29.478395
15 13 29.064542
15 14 27.230878
15 15 25343.226586
15 16 20.877103
15 17 7.925438
15 18 60.871264
15 19 2.544582
15 20 31.604319
15 21 52.499017
15 22 35.035597
15 23 16.597827
15 24 9.923624
15 25 63.701109
15 26 22.279612
15 27 83.721985
15 28 44.316873
15 29 79.754782
16 0 3.929179
16 1 27.706755
16 2 12.051161
16 3 7.172963
16 4 7.011201
16 5 26.711484
16 6 22.845540
16 7 54.293440
16 8 2.455431
16 9 48.606506
16 10 30.004965
16 11 37.056084
16 12 49.753315
16 13 18.294129
16 14 43.904013
16 15 42.423701
16 16 7371.360281
16 17 7.059680
16 18 58.727714
16 19 2.456417
16 20 62.024814
16 21 45.187259
16 22 20.171566
16 23 15.239297
16 24 13.487050
16 25 38.045817
16 26 34.714163
16 27 45.044585
16 28 27.957926
16 29 54.805295
17 0 3.722952
17 1 29.301291
17 2 11.242492
17 3 7.189241
17 4 7.104480
17 5 18.552587
17 6 7.084835
17 7 77.472160
17 8 3.285379
17 9 33.221026
17 10 19.210582
17 11 74.915008
17 12 41.045578
17 13 6.824806
17 14 54.983109
17 15 42.986538
17 16 78.908530
17 17 8507.716024
17 18 24.320445
17 19 2.455354
17 20 70.627230
17 21 25.306834
17 22 14.300974
17 23 17.932768
17 24 26.080493
17 25 20.873675
17 26 72.036754
17 27 32.058089
17 28 32.838552
17 29 79.671460
18 0 3.564329
18 1 6.679897
18 2 45.901593
18 3 10.542386
18 4 7.319826
18 5 14.367597
18 6 7.514862
18 7 41.419702
18 8 3.498179
18 9 27.597283
18 10 18.138903
18 11 41.779473
18 12 53.281639
18 13 7.627984
18 14 35.270704
18 15 46.748037
18 16 61.308134
18 17 55.380585
18 18 4556.549701
18 19 2.349372
18 20 28.187432
18 21 43.892297
18 22 15.824726
18 23 15.150917
18 24 18.235034
18 25 45.078715
18 26 39.519134
18 27 48.861598
18 28 43.566321
18 29 59.655293
19 0 3.238423
19 1 21.113508
19 2 8.558416
19 3 11.827001
19 4 7.206844
19 5 7.707631
19 6 11.319498
19 7 82.641499
19 8 3.501489
19 9 17.744992
19 10 21.619845
19 11 1.965314
19 12 50.616721
19 13 73.187527
19 14 40.425078
19 15 45.799845
19 16 34.160716
19 17 49.256381
19 18 73.630138
19 19 21509.251282
19 20 14.109646
19 21 42.587603
19 22 14.920826
19 23 22.949227
19 24 1.932175
19 25 80.557446
19 26 32.439299
19 27 51.319340
19 28 70.154700
19 29 47.815228
20 0 3.019906
20 1 23.044677
20 2 8.642169
20 3 10.047501
20 4 6.697074
20 5 8.536173
20 6 13.311659
20 7 62.874163
20 8 3.499718
20 9 10.896518
20 10 41.962972
20 11 1.997771
20 12 40.299815
20 13 59.473849
20 14 44.946837
20 15 49.841408
20 16 81.203915
20 17 44.535921
20 18 23.500332
20 19 31.167384
20 20 6127.544193
20 21 16.832832
20 22 16.675860
20 23 19.332688
20 24 2.044051
20 25 29.389267
20 26 71.318965
20 27 23.350140
20 28 50.043597
20 29 46.441606
21 0 2.795141
21 1 20.215705
21 2 4.837308
21 3 49.561658
21 4 9.061213
21 5 8.135780
21 6 11.953892
21 7 84.517425
21 8 3.028957
21 9 23.246221
21 10 40.280464
21 11 1.966839
21 12 51.134459
21 13 45.633911
21 14 34.146950
21 15 81.475228
21 16 62.205111
21 17 31.255060
21 18 44.896801
21 19 22.993575
21 20 33.263839
21 21 28728.109589
21 22 12.287742
21 23 18.693027
21 24 2.015471
21 25 38.640975
21 26 37.567716
21 27 38.268499
21 28 45.334270
21 29 43.621372
22 0 2.627466
22 1 19.592914
22 2 4.913567
22 3 42.756482
22 4 9.884615
22 5 7.488772
22 6 12.331836
22 7 55.564735
22 8 3.201951
22 9 18.707159
22 10 34.852622
22 11 1.931106
22 12 45.798095
22 13 50.520392
22 14 60.479795
22 15 57.092936
22 16 25.779928
22 17 20.047194
22 18 50.192114
22 19 26.631009
22 20 32.300526
22 21 56.480575
22 22 8027.376077
22 23 13.189822
22 24 1.988881
22 25 58.368527
22 26 35.297121
22 27 47.993867
22 28 43.791250
22 29 35.230709
23 0 2.532899
23 1 18.665035
23 2 4.569277
23 3 71.167097
23 4 10.274768
23 5 7.240459
23 6 12.219528
23 7 95.234186
23 8 3.072248
23 9 22.876691
23 10 32.738842
23 11 1.813075
23 12 48.006226
23 13 74.565404
23 14 47.087067
23 15 44.575680
23 16 22.112993
23 17 18.921644
23 18 47.859695
23 19 85.540432
23 20 24.062533
23 21 50.615805
23 22 52.264819
23 23 29433.712281
23 24 1.871841
23 25 74.114132
23 26 29.611381
23 27 47.973007
23 28 73.130104
23 29 34.278252
24 0 2.448172
24 1 13.164424
24 2 4.625426
24 3 22.854752
24 4 16.423165
24 5 7.416032
24 6 11.550547
24 7 83.696090
24 8 3.053201
24 9 27.110924
24 10 37.428090
24 11 1.781072
24 12 21.628318
24 13 19.824195
24 14 33.821214
24 15 38.967664
24 16 76.949117
24 17 76.268393
24 18 24.072960
24 19 2.095254
24 20 74.701527
24 21 47.411212
24 22 30.799819
24 23 37.207295
24 24 8701.875519
24 25 17.116290
24 26 82.724626
24 27 44.058047
24 28 77.793308
24 29 27.594741
25 0 2.372033
25 1 12.330259
25 2 4.561736
25 3 22.981921
25 4 16.819129
25 5 7.375139
25 6 8.440585
25 7 70.253406
25 8 3.374508
25 9 29.490209
25 10 29.509817
25 11 1.770966
25 12 25.710002
25 13 21.365064
25 14 27.277099
25 15 67.479733
25 16 31.990847
25 17 38.043574
25 18 57.976018
25 19 2.120567
25 20 27.756628
25 21 79.045343
25 22 68.107041
25 23 32.414855
25 24 25.522035
25 25 6021.972721
25 26 29.399671
25 27 39.187932
25 28 57.860849
25 29 50.969170
26 0 2.284161
26 1 10.195445
26 2 4.362355
26 3 51.175949
26 4 16.974597
26 5 7.217503
26 6 8.908509
26 7 59.875005
26 8 3.384197
26 9 9.248761
26 10 35.016877
26 11 1.962429
26 12 23.739283
26 13 20.036899
26 14 47.621959
26 15 29.059004
26 16 68.106488
26 17 56.935996
26 18 41.442006
26 19 2.075347
26 20 79.463913
26 21 39.239993
26 22 42.919238
26 23 33.076933
26 24 40.825841
26 25 48.776081
26 26 6631.310672
26 27 24.103810
26 28 58.488991
26 29 67.905807
27 0 2.199470
27 1 9.818116
27 2 4.409925
27 3 48.507850
27 4 20.325721
27 5 6.771018
27 6 9.083869
27 7 44.927098
27 8 3.490396
27 9 20.792754
27 10 11.561707
27 11 1.920600
27 12 17.671574
27 13 34.852188
27 14 40.143603
27 15 28.620489
27 16 66.366095
27 17 38.029604
27 18 44.556738
27 19 2.119230
27 20 28.336158
27 21 64.330309
27 22 69.264943
27 23 28.332043
27 24 47.726542
27 25 55.376564
27 26 53.631829
27 27 7996.766444
27 28 30.916284
27 29 55.616310
29 0 2.070710
29 1 8.089795
29 2 4.713421
29 3 41.335817
29 4 25.737295
29 5 6.503790
29 6 9.642289
29 7 29.674545
29 8 3.544332
29 9 17.247025
29 10 1.939443
29 11 9.924951
29 12 22.284287
29 13 60.062779
29 14 35.944912
29 15 28.677335
29 16 25.484895
29 17 64.284955
29 18 71.627102
29 19 2.150375
29 20 20.322816
29 21 77.847453
29 22 40.600189
29 23 56.630041
29 24 34.037078
29 25 89.028358
29 26 54.680973
29 27 63.233891
29 28 86.695894
29 29 7973.961977
28 0 2.147712
28 1 8.873266
28 2 4.536847
28 3 35.774299
28 4 25.712524
28 5 6.516264
28 6 9.386874
28 7 39.631905
28 8 3.542072
28 9 18.206657
28 10 1.932664
28 11 10.720937
28 12 18.314818
28 13 48.847372
28 14 41.340910
28 15 23.579998
28 16 37.104272
28 17 38.908561
28 18 82.321963
28 19 2.146695
28 20 22.256558
28 21 78.401136
28 22 59.388796
28 23 49.939027
28 24 42.725341
28 25 36.071191
28 26 55.518399
28 27 78.995470
28 28 4310.692703
28 29 31.788757
