0 0 368.179775
0 1 2.804519
0 2 832.203175
0 3 20.887968
0 4 1129.931034
0 5 1197.004566
0 6 1170.285714
0 7 21.743862
0 8 1165.084444
0 9 1317.306533
0 10 1272.543689
0 11 0.355213
0 12 1448.309392
0 13 1807.889655
0 14 1724.631579
0 15 1456.355556
0 16 1795.506849
0 17 1872.457143
0 18 1747.626667
0 19 2048.000000
0 20 1330.680203
0 21 15.116134
0 22 1913.459854
0 23 1971.007519
0 24 2097.152000
0 25 9.678210
0 26 1747.626667
0 27 1278.751220
0 28 1807.889655
0 29 609.637209
1 0 3.075147
1 1 3912.597015
1 2 10.972959
1 3 87.352216
1 4 18.437474
1 5 35.578719
1 6 1524.093023
1 7 241.162833
1 8 19.429588
1 9 1464.491620
1 10 262.932798
1 11 1448.309392
1 12 0.346117
1 13 5461.333333
1 14 7281.777778
1 15 6241.523810
1 16 156.224076
1 17 0.308244
1 18 5041.230769
1 19 6241.523810
1 20 6241.523810
1 21 6393.756098
1 22 6393.756098
1 23 55.739741
1 24 2818.752688
1 25 7710.117647
1 26 6553.600000
1 27 6393.756098
1 28 6096.372093
1 29 3495.253333
2 0 2.341972
2 1 1533.005848
2 2 5242.880000
2 3 15.174761
2 4 21.752884
2 5 24.543020
2 6 46.853262
2 7 99.334596
2 8 59.028147
2 9 29.577344
2 10 125.188157
2 11 260.839801
2 12 0.355557
2 13 12.211487
2 14 65.536000
2 15 0.304031
2 16 1424.695652
2 17 1833.174825
2 18 1783.292517
2 19 93.556031
2 20 1497.965714
2 21 1985.939394
2 22 66.703308
2 23 36.817978
2 24 18.699194
2 25 118.563546
2 26 1885.928058
2 27 346.293263
2 28 114.623524
2 29 1078.781893
3 0 2.432846
3 1 25.763538
3 2 194.037010
3 3 4766.254545
3 4 10.569044
3 5 19.723422
3 6 32.263877
3 7 43.625229
3 8 31.902641
3 9 2545.087379
3 10 24.814843
3 11 106.088223
3 12 0.363034
3 13 0.300090
3 14 5698.782609
3 15 108.234517
3 16 3.390597
3 17 5825.422222
3 18 7084.972973
3 19 7084.972973
3 20 6241.523810
3 21 0.323519
3 22 2473.056604
3 23 6553.600000
3 24 6096.372093
3 25 5825.422222
3 26 5242.880000
3 27 6241.523810
3 28 6553.600000
3 29 6096.372093
4 0 2.222803
4 1 52.904945
4 2 27.787153
4 3 1899.594203
4 4 6096.372093
4 5 9.835810
4 6 29.624138
4 7 31.713525
4 8 27.016799
4 9 30.844099
4 10 3591.013699
4 11 20.740881
4 12 0.375283
4 13 0.292313
4 14 3.910146
4 15 5825.422222
4 16 0.325935
4 17 6096.372093
4 18 6553.600000
4 19 6898.526316
4 20 6898.526316
4 21 25.006582
4 22 22.653301
4 23 13.523033
4 24 5577.531915
4 25 7281.777778
4 26 6096.372093
4 27 3640.888889
4 28 6096.372093
4 29 6096.372093
5 0 1.993642
5 1 18.270421
5 2 26.375289
5 3 27.412318
5 4 1783.292517
5 5 6721.641026
5 6 11.805629
5 7 21.418743
5 8 25.428655
5 9 46.014394
5 10 31.740404
5 11 31.181634
5 12 0.382239
5 13 0.280053
5 14 45.789345
5 15 7.130066
5 16 0.323165
5 17 49.109030
5 18 2259.862069
5 19 1208.036866
5 20 406.424806
5 21 1702.233766
5 22 14.066538
5 23 0.297832
5 24 2166.479339
5 25 2319.858407
5 26 2279.513043
5 27 2340.571429
5 28 2221.559322
5 29 2383.127273
6 0 1.988923
6 1 13.644805
6 2 23.792340
6 3 25.023291
6 4 31.148289
6 5 2148.721311
6 6 6721.641026
6 7 11.168847
6 8 24.085263
6 9 27.887660
6 10 34.483557
6 11 25.152946
6 12 0.387872
6 13 0.282129
6 14 11.661210
6 15 9.447652
6 16 0.323880
6 17 0.296098
6 18 1409.376344
6 19 1213.629630
6 20 1747.626667
6 21 1820.444444
6 22 1448.309392
6 23 12.045398
6 24 12.451622
6 25 27.678598
6 26 2166.479339
6 27 130.679960
6 28 2080.507937
6 29 2166.479339
7 0 2.050226
7 1 13.121634
7 2 17.985866
7 3 21.243436
7 4 26.359377
7 5 28.674688
7 6 1820.444444
7 7 6721.641026
7 8 10.770533
7 9 23.614449
7 10 31.274636
7 11 27.478407
7 12 0.393011
7 13 0.275363
7 14 60.907063
7 15 11.760083
7 16 0.324053
7 17 0.293894
7 18 13.602325
7 19 6.340557
7 20 2259.862069
7 21 2279.513043
7 22 2361.657658
7 23 2319.858407
7 24 2340.571429
7 25 2340.571429
7 26 188.051650
7 27 24.628335
7 28 31.237369
7 29 1771.243243
8 0 1.888169
8 1 16.337031
8 2 19.342138
8 3 16.952985
8 4 26.519373
8 5 19.806876
8 6 40.592134
8 7 1885.928058
8 8 5349.877551
8 9 10.857522
8 10 25.184360
8 11 29.153025
8 12 0.397456
8 13 0.278894
8 14 10.660594
8 15 17.537062
8 16 0.324535
8 17 0.293541
8 18 2.659767
8 19 1394.382979
8 20 1872.457143
8 21 1795.506849
8 22 1846.084507
8 23 2032.124031
8 24 2202.890756
8 25 2202.890756
8 26 2496.609524
8 27 310.229586
8 28 17.935413
8 29 27.775376
9 0 1.799710
9 1 12.439804
9 2 22.382514
9 3 14.604936
9 4 22.036315
9 5 27.956063
9 6 30.305665
9 7 28.518712
9 8 2978.909091
9 9 10922.666667
9 10 11.153640
9 11 24.356035
9 12 0.403124
9 13 0.267731
9 14 3236.345679
9 15 19.029036
9 16 0.327240
9 17 0.294657
9 18 1.800229
9 19 2788.765957
9 20 3744.914286
9 21 3971.878788
9 22 3971.878788
9 23 3912.597015
9 24 3591.013699
9 25 3855.058824
9 26 4096.000000
9 27 3855.058824
9 28 4161.015873
9 29 1771.243243
10 0 1.956342
10 1 13.050431
10 2 14.466310
10 3 23.798820
10 4 15.006240
10 5 24.487996
10 6 30.535119
10 7 29.500788
10 8 27.693218
10 9 4297.442623
10 10 14563.555556
10 11 10.530832
10 12 0.405318
10 13 0.284238
10 14 3.814779
10 15 66.822330
10 16 0.331343
10 17 0.291084
10 18 1.952888
10 19 5.134340
10 20 4.877733
10 21 5041.230769
10 22 6898.526316
10 23 6898.526316
10 24 6721.641026
10 25 6553.600000
10 26 6898.526316
10 27 6241.523810
10 28 6393.756098
10 29 3013.149425
11 0 1.852228
11 1 10.996434
11 2 15.006240
11 3 12.274383
11 4 19.551313
11 5 22.390161
11 6 27.030728
11 7 24.065363
11 8 40.940809
11 9 29.914869
11 10 1297.742574
11 11 5349.877551
11 12 0.402181
11 13 0.278902
11 14 4.890108
11 15 18.365139
11 16 0.335471
11 17 0.292996
11 18 1.884992
11 19 6.409075
11 20 9.711195
11 21 3.806636
11 22 27.303823
11 23 1394.382979
11 24 1985.939394
11 25 343.120419
11 26 1598.439024
11 27 28.559102
11 28 1783.292517
11 29 1069.975510
12 0 0.298728
12 1 2449.943925
12 2 4599.017544
12 3 4519.724138
12 4 4946.113208
12 5 4854.518519
12 6 5041.230769
12 7 4854.518519
12 8 4681.142857
12 9 5140.078431
12 10 4854.518519
12 11 2080.507937
12 12 13797.052632
12 13 0.262407
12 14 10.824346
12 15 13.348814
12 16 0.336402
12 17 0.294117
12 18 1.868240
12 19 6.946052
12 20 9.255190
12 21 3.991473
12 22 10.353239
12 23 14.879328
12 24 5461.333333
12 25 5957.818182
12 26 6553.600000
12 27 5698.782609
12 28 3120.761905
12 29 5957.818182
13 0 0.295390
13 1 6.369830
13 2 1310.720000
13 3 0.300703
13 4 15.463898
13 5 1533.005848
13 6 1833.174825
13 7 1560.380952
13 8 1833.174825
13 9 1846.084507
13 10 2148.721311
13 11 2131.252033
13 12 2016.492308
13 13 5349.877551
13 14 3.029411
13 15 9.688583
13 16 0.337317
13 17 0.292438
13 18 1.945280
13 19 6.453887
13 20 9.330296
13 21 4.061603
13 22 10.200553
13 23 11.946044
13 24 16.622955
13 25 23.094353
13 26 1648.704403
13 27 44.849273
13 28 1771.243243
13 29 1985.939394
14 0 0.293983
14 1 6.399219
14 2 22.179880
14 3 0.303333
14 4 9.583739
14 5 9.806008
14 6 227.951304
14 7 20.599088
14 8 1628.223602
14 9 10.184700
14 10 1713.359477
14 11 1560.380952
14 12 1424.695652
14 13 1440.351648
14 14 4681.142857
14 15 7.841814
14 16 0.338771
14 17 0.290574
14 18 1.976476
14 19 6.661347
14 20 9.096537
14 21 4.019134
14 22 10.214464
14 23 12.052598
14 24 11.602372
14 25 22.101341
14 26 24.460577
14 27 1440.351648
14 28 31.721200
14 29 1747.626667
15 0 0.297404
15 1 7.839234
15 2 0.304412
15 3 16.971643
15 4 3.161332
15 5 5461.333333
15 6 6721.641026
15 7 3495.253333
15 8 22.411217
15 9 25.169851
15 10 21.977197
15 11 37.268126
15 12 2595.485149
15 13 4369.066667
15 14 4766.254545
15 15 16384.000000
15 16 0.334177
15 17 0.290919
15 18 1.946566
15 19 6.367819
15 20 10.394290
15 21 3.982015
15 22 10.671443
15 23 11.382224
15 24 14.091491
15 25 9.842457
15 26 31.078127
15 27 36.719989
15 28 54.647488
15 29 73.677347
16 0 0.297584
16 1 2.859898
16 2 0.316688
16 3 41.802583
16 4 0.302818
16 5 1464.491620
16 6 1771.243243
16 7 1795.506849
16 8 1899.594203
16 9 1899.594203
16 10 1927.529412
16 11 1956.298507
16 12 2048.000000
16 13 2202.890756
16 14 1175.533632
16 15 967.321033
16 16 5349.877551
16 17 0.149734
16 18 1310.720000
16 19 1846.084507
16 20 1846.084507
16 21 1927.529412
16 22 1941.807407
16 23 2032.124031
16 24 2184.533333
16 25 2240.547009
16 26 2240.547009
16 27 2259.862069
16 28 2114.064516
16 29 1036.142292
17 0 0.293291
17 1 7.584527
17 2 0.295896
17 3 3.897820
17 4 0.323038
17 5 0.296993
17 6 1702.233766
17 7 2032.124031
17 8 2032.124031
17 9 2279.513043
17 10 2148.721311
17 11 2032.124031
17 12 2202.890756
17 13 1807.889655
17 14 2404.990826
17 15 1618.172840
17 16 2097.152000
17 17 7943.757576
17 18 0.296487
17 19 10.086341
17 20 2080.507937
17 21 2131.252033
17 22 2064.125984
17 23 2404.990826
17 24 2496.609524
17 25 530.655870
17 26 2299.508772
17 27 264.258065
17 28 2383.127273
17 29 257.762045
18 0 0.294360
18 1 0.294552
18 2 7.395379
18 3 4.153500
18 4 0.322432
18 5 4.866595
18 6 0.308386
18 7 3.081690
18 8 6.079970
18 9 2166.479339
18 10 2299.508772
18 11 2319.858407
18 12 2097.152000
18 13 2361.657658
18 14 2032.124031
18 15 2202.890756
18 16 0.359514
18 17 2032.124031
18 18 7489.828571
18 19 8.973846
18 20 9.765460
18 21 41.094842
18 22 2166.479339
18 23 2240.547009
18 24 66.047871
18 25 50.171100
18 26 2114.064516
18 27 140.559786
18 28 1213.629630
18 29 2184.533333
19 0 0.293956
19 1 0.292452
19 2 8.912219
19 3 4.170814
19 4 0.322212
19 5 11.804035
19 6 0.281138
19 7 2097.152000
19 8 4.215483
19 9 4.707454
19 10 2340.571429
19 11 2473.056604
19 12 2621.440000
19 13 2427.259259
19 14 2383.127273
19 15 1579.180723
19 16 0.376399
19 17 22.118124
19 18 2299.508772
19 19 7084.972973
19 20 7.188921
19 21 18.624796
19 22 14.632654
19 23 2114.064516
19 24 2299.508772
19 25 932.896797
19 26 18.927365
19 27 2184.533333
19 28 2361.657658
19 29 1061.311741
20 0 0.295995
20 1 0.293979
20 2 5.289000
20 3 5.425053
20 4 0.322561
20 5 11.138948
20 6 0.294067
20 7 4.529251
20 8 6.045617
20 9 4.800117
20 10 8.736968
20 11 5698.782609
20 12 7084.972973
20 13 6241.523810
20 14 7084.972973
20 15 248.007569
20 16 0.397259
20 17 5.774478
20 18 4681.142857
20 19 2545.087379
20 20 17476.266667
20 21 9.662158
20 22 13.472992
20 23 24.047702
20 24 57.970809
20 25 1795.506849
20 26 79.437576
20 27 22.716118
20 28 221.032040
20 29 2945.438202
21 0 0.292063
21 1 0.293305
21 2 0.294350
21 3 1323.959596
21 4 16.102211
21 5 9.864309
21 6 0.296066
21 7 4.121243
21 8 6.073209
21 9 4.756827
21 10 2.754945
21 11 1515.283237
21 12 1927.529412
21 13 2114.064516
21 14 1659.139241
21 15 1110.779661
21 16 0.442242
21 17 5.465318
21 18 15.648520
21 19 158.299517
21 20 1859.177305
21 21 4854.518519
21 22 8.016391
21 23 20.120040
21 24 29.480882
21 25 38.241284
21 26 1807.889655
21 27 33.317743
21 28 44.333502
21 29 1927.529412
22 0 0.290170
22 1 0.293658
22 2 2.804249
22 3 0.323833
22 4 33.781443
22 5 9.158509
22 6 0.302873
22 7 3.633571
22 8 6.051339
22 9 4.807512
22 10 2.754626
22 11 9.861340
22 12 2148.721311
22 13 2279.513043
22 14 2131.252033
22 15 1515.283237
22 16 0.461319
22 17 5.973022
22 18 11.265320
22 19 15.953262
22 20 44.772673
22 21 1971.007519
22 22 7489.828571
22 23 9.472231
22 24 18.014294
22 25 37.805596
22 26 61.826415
22 27 44.416130
22 28 56.594128
22 29 80.412270
23 0 0.290978
23 1 0.293640
23 2 2.852895
23 3 0.322325
23 4 7.779446
23 5 0.300377
23 6 1795.506849
23 7 4.058711
23 8 5.952948
23 9 4.930299
23 10 2.753816
23 11 7.649149
23 12 15.713241
23 13 2064.125984
23 14 2202.890756
23 15 1401.839572
23 16 0.480958
23 17 6.017722
23 18 11.392612
23 19 10.613977
23 20 30.246221
23 21 25.738243
23 22 2221.559322
23 23 7281.777778
23 24 10.346700
23 25 23.481190
23 26 25.433589
23 27 80.264544
23 28 58.618962
23 29 29.043209
24 0 0.290247
24 1 0.293663
24 2 3.151413
24 3 0.320729
24 4 6.743081
24 5 0.296313
24 6 21.188490
24 7 6.783738
24 8 6.034206
24 9 4.910443
24 10 2.751475
24 11 8.313323
24 12 8.062992
24 13 44.972379
24 14 226.181191
24 15 1440.351648
24 16 0.499007
24 17 5.841779
24 18 10.810508
24 19 11.553283
24 20 14.947200
24 21 28.078835
24 22 31.019288
24 23 2340.571429
24 24 7281.777778
24 25 11.123822
24 26 20.589381
24 27 34.652214
24 28 58.975028
24 29 26.433801
25 0 0.290381
25 1 0.293295
25 2 5.313335
25 3 0.306710
25 4 7.516889
25 5 0.295320
25 6 15.559354
25 7 8.264573
25 8 6.030458
25 9 4.957337
25 10 2.753874
25 11 8.594040
25 12 7.558939
25 13 14.134038
25 14 24.789031
25 15 1783.292517
25 16 0.521525
25 17 5.811604
25 18 9.895587
25 19 12.629185
25 20 14.266340
25 21 20.432112
25 22 20.924649
25 23 27.383683
25 24 2114.064516
25 25 7084.972973
25 26 12.420943
25 27 23.426631
25 28 25.582512
25 29 26.340836
26 0 0.286236
26 1 0.299745
26 2 4.849310
26 3 0.309435
26 4 6.968208
26 5 0.296538
26 6 10.120218
26 7 10.339763
26 8 5.983247
26 9 5.039389
26 10 2.735825
26 11 8.408789
26 12 7.820758
26 13 10.628178
26 14 20.078431
26 15 30.058938
26 16 0.540666
26 17 5.645883
26 18 7.578826
26 19 16.637725
26 20 18.169116
26 21 14.170712
26 22 17.865740
26 23 20.305500
26 24 61.492845
26 25 4297.442623
26 26 15420.235294
26 27 9.589348
26 28 25.814279
26 29 27.266902
27 0 0.283558
27 1 0.300466
27 2 4.792833
27 3 0.308692
27 4 7.096481
27 5 0.295447
27 6 10.814521
27 7 10.902678
27 8 5.953353
27 9 5.114207
27 10 2.758307
27 11 8.192768
27 12 7.382259
27 13 11.181710
27 14 14.464713
27 15 24.058737
27 16 0.549602
27 17 5.740086
27 18 7.946647
27 19 10.285804
27 20 21.382055
27 21 17.283840
27 22 17.267901
27 23 17.250855
27 24 31.530431
27 25 30.624299
27 26 1724.631579
27 27 7281.777778
27 28 10.168897
27 29 28.211795
29 0 0.285402
29 1 0.300556
29 2 4.872565
29 3 0.309065
29 4 6.971915
29 5 0.295872
29 6 9.723442
29 7 8.385656
29 8 6.581572
29 9 5.576108
29 10 2.743527
29 11 6.648507
29 12 10.153536
29 13 8.443457
29 14 12.404486
29 15 19.196251
29 16 0.561833
29 17 5.751168
29 18 7.220007
29 19 12.704468
29 20 12.515230
29 21 16.203733
29 22 14.439218
29 23 19.315060
29 24 22.876691
29 25 21.188490
29 26 23.247960
29 27 31.526639
29 28 5698.782609
29 29 17476.266667
28 0 0.284574
28 1 0.299951
28 2 4.934382
28 3 0.309058
28 4 7.090147
28 5 0.295940
28 6 9.089913
28 7 9.915050
28 8 6.403752
28 9 5.292417
28 10 2.735454
28 11 7.154585
28 12 9.264676
28 13 8.566517
28 14 14.571651
28 15 21.876325
28 16 0.555775
28 17 5.453494
28 18 8.117421
28 19 10.305618
28 20 14.812906
28 21 20.713021
28 22 15.099591
28 23 26.447135
28 24 21.000080
28 25 23.299618
28 26 26.125573
28 27 4096.000000
28 28 16384.000000
28 29 10.700192
