0 0 528.516129
0 1 6.189649
0 2 20.704842
0 3 12.818151
0 4 71.215431
0 5 38.778698
0 6 1344.328205
0 7 1569.724551
0 8 1598.439024
0 9 1472.719101
0 10 1551.147929
0 11 811.591331
0 12 755.458213
0 13 1669.707006
0 14 1588.751515
0 15 1659.139241
0 16 8.478137
0 17 1344.328205
0 18 1628.223602
0 19 1358.259067
0 20 1297.742574
0 21 1351.257732
0 22 1323.959596
0 23 842.906752
0 24 799.219512
0 25 8.582504
0 26 1096.836820
0 27 2080.507937
0 28 2427.259259
0 29 1351.257732
1 0 6.746378
1 1 4228.129032
1 2 10.379885
1 3 17.027866
1 4 12.761988
1 5 28.300119
1 6 23.955405
1 7 14.331857
1 8 35.031939
1 9 266.949084
1 10 1472.719101
1 11 81.234583
1 12 244.309413
1 13 1807.889655
1 14 2221.559322
1 15 2221.559322
1 16 2114.064516
1 17 14.425710
1 18 0.307838
1 19 1648.704403
1 20 1899.594203
1 21 1913.459854
1 22 1899.594203
1 23 1885.928058
1 24 1956.298507
1 25 2064.125984
1 26 2064.125984
1 27 2032.124031
1 28 1115.506383
1 29 0.076081
29 0 1.652800
29 1 0.060978
29 2 3640.888889
29 3 3640.888889
29 4 5041.230769
29 5 5041.230769
29 6 5041.230769
29 7 4766.254545
29 8 4443.118644
29 9 4854.518519
29 10 4946.113208
29 11 4766.254545
29 12 4946.113208
29 13 5041.230769
29 14 4369.066667
29 15 5140.078431
29 16 4766.254545
29 17 4946.113208
29 18 5041.230769
29 19 4681.142857
29 20 4766.254545
29 21 4854.518519
29 22 4946.113208
29 23 5041.230769
29 24 4599.017544
29 25 4854.518519
29 26 4443.118644
29 27 3236.345679
29 28 4946.113208
29 29 14563.555556
2 0 4.457776
2 1 1149.754386
2 2 5242.880000
2 3 12.640756
2 4 12.845159
2 5 16.203733
2 6 20.472003
2 7 16.525500
2 8 18.649972
2 9 42.260842
2 10 60.681481
2 11 118.994099
2 12 22.868708
2 13 27.790099
2 14 1691.251613
2 15 1859.177305
2 16 2001.099237
2 17 1170.285714
2 18 12.206938
2 19 0.302933
2 20 3.334359
2 21 0.343307
2 22 1489.454545
2 23 1783.292517
2 24 1899.594203
2 25 1846.084507
2 26 1807.889655
2 27 1956.298507
2 28 2131.252033
2 29 0.101067
3 0 3.620974
3 1 214.520458
3 2 1409.376344
3 3 5242.880000
3 4 9.757826
3 5 12.374038
3 6 21.250324
3 7 16.333977
3 8 13.172403
3 9 135.685300
3 10 13.781820
3 11 78.439258
3 12 35.516055
3 13 14.530458
3 14 33.368635
3 15 1134.822511
3 16 1618.172840
3 17 1833.174825
3 18 661.979798
3 19 0.308210
3 20 8.767944
3 21 3.054081
3 22 0.346583
3 23 1330.680203
3 24 1713.359477
3 25 152.853644
3 26 1083.239669
3 27 31.652258
3 28 1048.576000
3 29 0.102573
4 0 2.887971
4 1 2064.125984
4 2 1759.355705
4 3 1588.751515
4 4 7281.777778
4 5 8.320711
4 6 18.612894
4 7 16.301474
4 8 14.496710
4 9 13.263041
4 10 32.275794
4 11 23.017297
4 12 38.280374
4 13 21.577414
4 14 26.377943
4 15 15.280019
4 16 2131.252033
4 17 1820.444444
4 18 1598.439024
4 19 0.323367
4 20 4.717111
4 21 3.681643
4 22 0.343885
4 23 12.733473
4 24 60.737720
4 25 2131.252033
4 26 2064.125984
4 27 2427.259259
4 28 1083.239669
4 29 0.103340
7 0 2.375138
7 1 13.917919
7 2 77.465721
7 3 44.803281
7 4 73.885006
7 5 57.124428
7 6 1608.245399
7 7 7084.972973
7 8 7.919758
7 9 8.412027
7 10 24.279337
7 11 18.071419
7 12 25.697873
7 13 20.639635
7 14 27.959044
7 15 23.883382
7 16 33.742309
7 17 27.666913
7 18 29.332438
7 19 0.346435
7 20 4.620336
7 21 3.837002
6 0 2.298722
6 1 35.729045
6 2 28.478436
6 3 42.548937
6 4 228.149695
6 5 2048.000000
6 6 7281.777778
6 7 10.147641
6 8 10.181931
6 9 9.410008
6 10 26.154245
6 11 34.924594
6 12 19.312215
6 13 22.121857
6 14 19.409448
6 15 55.176594
6 16 28.543554
6 17 30.552914
6 18 79.824604
6 19 0.339143
6 20 4.660586
6 21 3.758768
6 22 0.346780
6 23 5.671412
6 24 8.353590
6 25 2166.479339
6 26 2202.890756
6 27 2148.721311
6 28 1533.005848
6 29 0.105269
7 22 0.346264
7 23 5.586327
7 24 9.975418
7 25 10.665799
7 26 2674.938776
7 27 108.773444
7 28 3640.888889
7 29 0.106270
9 0 2.389710
9 1 7.708077
9 2 24.911527
9 3 22.970908
9 4 13.864918
9 5 35.008547
9 6 41.835940
9 7 1330.680203
9 8 730.206128
9 9 3692.169014
9 10 8.043941
9 11 10.959197
9 12 23.691279
9 13 22.627881
9 14 26.678608
9 15 29.507429
9 16 31.447217
9 17 34.615608
9 18 17.289540
9 19 0.355854
9 20 4.861992
9 21 3.789851
9 22 0.346250
9 23 5.671657
9 24 9.922556
9 25 11.501075
9 26 12.522404
9 27 25.893323
9 28 19.618620
9 29 0.108067
10 0 2.355504
10 1 7.195235
10 2 17.041149
10 3 15.875008
10 4 24.371885
10 5 15.773753
10 6 27.238570
10 7 70.620690
10 8 110.376421
10 9 2759.410526
10 10 12483.047619
10 11 7.348733
10 12 16.754698
10 13 18.705866
10 14 20.814991
10 15 33.061420
10 16 27.855063
10 17 25.230414
10 18 27.019584
10 19 0.359809
10 20 4.826276
10 21 3.844317
10 22 0.346869
10 23 5.623115
10 24 9.127577
10 25 11.490488
10 26 13.013503
10 27 14.397979
10 28 25.978000
10 29 0.108308
12 0 2.312042
12 1 6.039906
12 2 19.579057
12 3 9.173572
12 4 24.205355
12 5 21.545492
12 6 13.982505
12 7 62.060606
12 8 18.623473
12 9 24.401378
11 0 2.390233
11 1 6.926231
11 2 15.832820
11 3 11.181233
12 10 4161.015873
12 11 5242.880000
12 12 16384.000000
12 13 10.661027
12 14 10.966533
12 15 26.724845
12 16 29.286560
12 17 25.227986
12 18 24.552215
12 19 0.369089
12 20 4.491690
11 4 23.902982
11 5 25.485514
11 6 22.293052
11 7 22.952806
11 8 17.710039
11 9 1691.251613
12 21 4.155212
12 22 0.297316
12 23 5041.230769
11 10 1783.292517
11 11 6393.756098
11 12 9.958365
12 24 154.566038
12 25 123.303857
11 13 15.044132
11 14 17.434424
11 15 28.565326
11 16 24.281586
11 17 24.683992
11 18 25.001812
11 19 0.365658
11 20 4.684070
12 26 24.612149
12 27 37.173001
12 28 25.293709
11 21 3.814835
11 22 0.303902
11 23 2404.990826
12 29 0.108823
11 24 2496.609524
11 25 1759.355705
11 26 20.374942
11 27 14.156937
11 28 23.948840
11 29 0.108502
14 0 2.158576
14 1 5.854565
14 2 5.699402
14 3 18.082638
14 4 19.759102
14 5 22.958837
14 6 16.694943
13 0 2.061188
13 1 5.985706
13 2 8.337118
13 3 11.780694
13 4 20.891297
13 5 26.581221
13 6 16.538010
14 7 28.674688
14 8 26.042519
14 9 22.367235
14 10 22.914685
14 11 33.364388
14 12 1628.223602
14 13 1859.177305
14 14 6721.641026
14 15 9.982255
14 16 15.956175
13 7 24.784343
13 8 31.713525
13 9 20.608805
13 10 41.024100
13 11 1724.631579
13 12 2240.547009
13 13 5461.333333
13 14 8.347206
13 15 17.215735
13 16 20.891297
14 17 21.123610
14 18 23.865987
14 19 0.380852
14 20 3.191002
14 21 6.136186
14 22 0.297316
14 23 8.819567
14 24 3.653931
13 17 26.282735
13 18 27.498584
14 25 10.496256
14 26 178.937884
14 27 1872.457143
14 28 4.813338
14 29 0.116015
13 19 0.373058
13 20 4.299275
13 21 4.306833
13 22 0.297320
13 23 10.324288
13 24 3.519845
13 25 1956.298507
13 26 2340.571429
13 27 2404.990826
13 28 1266.396135
13 29 0.111982
19 0 1.726927
19 1 0.294916
19 2 1680.410256
19 3 2001.099237
19 4 2114.064516
19 5 2184.533333
19 6 2221.559322
19 7 2184.533333
19 8 2361.657658
19 9 2340.571429
19 10 2427.259259
19 11 2496.609524
19 12 2473.056604
19 13 2473.056604
19 14 2361.657658
19 15 2427.259259
19 16 2319.858407
19 17 1899.594203
18 0 1.769211
18 1 7.709437
18 2 8.541118
18 3 10.827922
18 4 8.634519
18 5 15.128347
18 6 19.108098
18 7 18.169116
18 8 24.145160
18 9 21.984569
18 10 24.417288
18 11 26.589309
18 12 29.697972
18 13 31.137190
18 14 28.416694
18 15 30.880434
18 16 1387.005291
18 17 1680.410256
18 18 6553.600000
18 19 0.383517
18 20 2.859618
18 21 2.370220
18 22 0.325900
18 23 6.482134
18 24 4.395808
18 25 8.718372
18 26 8.338179
18 27 19.496058
18 28 27.663993
18 29 0.116239
21 0 1.875109
21 1 0.294327
21 2 2.110575
21 3 5242.880000
21 4 6898.526316
19 18 1134.822511
19 19 6721.641026
19 20 2.010600
19 21 2.466193
19 22 0.324496
21 5 6898.526316
21 6 7281.777778
21 7 6721.641026
21 8 6241.523810
21 9 6241.523810
21 10 5577.531915
21 11 6096.372093
21 12 6898.526316
19 23 6.409232
19 24 4.448019
19 25 7.867231
19 26 9.209992
19 27 15.601952
21 13 6898.526316
21 14 4228.129032
21 15 6721.641026
21 16 2621.440000
21 17 6.883672
21 18 2473.056604
21 19 6553.600000
21 20 6096.372093
21 21 15420.235294
21 22 0.296438
21 23 6.799575
21 24 4.475586
21 25 4.915507
21 26 15.655996
21 27 15.047586
21 28 18.848433
19 28 20.228721
19 29 0.116629
20 0 1.760928
20 1 0.294821
20 2 4.307399
20 3 26.280100
20 4 2016.492308
20 5 2221.559322
20 6 1956.298507
20 7 2166.479339
20 8 2240.547009
20 9 2259.862069
20 10 2048.000000
20 11 48.135145
20 12 2383.127273
20 13 9.251923
20 14 2240.547009
20 15 2340.571429
20 16 15.818489
20 17 1394.382979
20 18 1297.742574
20 19 2032.124031
20 20 7489.828571
20 21 5.441156
20 22 0.298188
20 23 7.138026
20 24 4.520504
20 25 6.380528
20 26 12.428009
20 27 12.059806
20 28 18.411575
20 29 0.116972
21 29 0.117165
22 0 1.720376
22 1 0.294353
22 2 0.293486
22 3 1588.751515
22 4 2240.547009
22 5 2048.000000
22 6 2340.571429
22 7 2240.547009
22 8 2319.858407
22 9 2001.099237
22 10 2383.127273
22 11 2.064874
22 12 2299.508772
22 13 2240.547009
22 14 2032.124031
22 15 2361.657658
22 16 2361.657658
22 17 2404.990826
22 18 1927.529412
22 19 1941.807407
22 20 2496.609524
22 21 2520.615385
22 22 7281.777778
22 23 4.119818
22 24 4.485464
22 25 5.478110
22 26 8.524454
22 27 15.833776
22 28 23.990482
22 29 0.117423
23 0 1.859138
23 1 0.294182
23 2 0.293515
23 3 9.352265
23 4 12.448074
23 5 5577.531915
23 6 2849.391304
23 7 7489.828571
23 8 6721.641026
23 9 7084.972973
23 10 3158.361446
23 11 3.091685
23 12 10.466920
23 13 55.083841
24 0 1.844500
24 1 0.293906
24 2 0.293604
24 3 7.610730
24 4 15.567670
24 5 8.627699
24 6 3799.188406
24 7 6241.523810
24 8 1506.574713
24 9 4946.113208
24 10 4519.724138
24 11 4.981737
24 12 3.019257
24 13 5698.782609
24 14 6898.526316
24 15 7084.972973
24 16 7084.972973
24 17 7281.777778
24 18 6393.756098
23 14 71.234783
23 15 75.307096
23 16 7281.777778
24 19 6553.600000
24 20 6898.526316
24 21 6241.523810
24 22 3196.878049
24 23 6096.372093
24 24 16384.000000
24 25 3.274058
24 26 9.511066
24 27 10.664063
24 28 10.295095
23 17 6241.523810
23 18 114.774081
24 29 0.118653
23 19 3048.186047
23 20 78.135320
25 0 1.753331
25 1 0.293789
25 2 0.293580
25 3 9.741871
25 4 9.245397
25 5 12.640147
25 6 8.889251
25 7 2064.125984
23 21 7084.972973
23 22 6393.756098
25 8 2240.547009
25 9 2097.152000
25 10 362.578147
25 11 9.405956
25 12 12.220596
25 13 2.588872
25 14 30.854991
25 15 2114.064516
25 16 2114.064516
25 17 147.106622
23 23 18724.571429
23 24 3.588851
23 25 5.084153
23 26 9.031040
25 18 84.426409
25 19 2032.124031
25 20 13.809408
25 21 2166.479339
25 22 2473.056604
25 23 1659.139241
25 24 1985.939394
23 27 11.282290
23 28 14.485495
25 25 7943.757576
25 26 6.612117
25 27 11.061395
25 28 10.238800
25 29 0.118656
26 0 1.548098
26 1 0.300403
26 2 0.293247
26 3 9.973899
26 4 9.424894
26 5 12.216040
26 6 10.754184
26 7 12.440395
23 29 0.118221
26 8 49.405202
26 9 2221.559322
26 10 1448.309392
26 11 23.055761
26 12 13.393828
26 13 2.782993
26 14 9.351598
26 15 25.133653
26 16 163.635456
26 17 35.535312
26 18 2361.657658
26 19 2016.492308
26 20 1213.629630
26 21 16.156795
26 22 2097.152000
26 23 2202.890756
26 24 300.279496
26 25 1560.380952
26 26 6898.526316
26 27 7.373330
26 28 10.341802
26 29 0.118665
27 0 1.020528
27 1 0.332605
27 2 0.291266
27 3 12.297415
27 4 9.526966
27 5 11.876767
27 6 10.731731
27 7 13.959423
27 8 15.065747
27 9 44.176609
27 10 49.275188
27 11 1608.245399
27 12 14.346760
27 13 3.083938
27 14 9.548481
27 15 15.685036
27 16 29.052865
27 17 35.890471
27 18 80.117359
27 19 74.114787
27 20 42.932198
27 21 123.478097
27 22 18.553613
27 23 1736.052980
27 24 2299.508772
27 25 249.186312
27 26 1387.005291
27 27 4854.518519
27 28 7.402061
27 29 0.118732
17 0 1.776838
17 1 9.668929
17 2 8.160125
17 3 7.397675
17 4 8.855020
17 5 16.202732
17 6 26.266934
17 7 22.409301
17 8 22.441914
17 9 38.030466
17 10 20.969842
17 11 22.236322
17 12 32.723006
17 13 35.377058
17 14 25.665165
17 15 217.006623
17 16 1956.298507
17 17 5242.880000
17 18 10.844496
17 19 0.386182
17 20 2.899214
17 21 8.077900
5 0 2.742092
5 1 19.448327
5 2 49.451802
5 3 1747.626667
5 4 1579.180723
5 5 6553.600000
5 6 9.935342
5 7 15.048450
5 8 11.488978
5 9 9.882530
5 10 116.198582
5 11 24.365090
5 12 29.394932
5 13 22.249533
5 14 23.378578
5 15 21.446781
5 16 27.151113
5 17 60.921218
5 18 235.741007
5 19 0.332228
5 20 4.574460
5 21 3.834533
5 22 0.346742
5 23 5.220744
5 24 1481.039548
5 25 154.566038
5 26 134.020450
17 22 0.297371
17 23 7.200176
5 27 167.290364
5 28 83.805627
5 29 0.104055
17 24 4.159167
17 25 6.768325
17 26 15.308573
17 27 21.971670
17 28 28.599607
17 29 0.115495
15 0 2.076980
15 1 5.589901
15 2 7.121156
15 3 8.288352
15 4 12.471170
15 5 34.753281
15 6 20.956431
15 7 26.128177
15 8 33.777091
15 9 21.047290
15 10 30.663703
15 11 29.880771
15 12 22.985007
15 13 2361.657658
15 14 3013.149425
15 15 9709.037037
15 16 9.325649
15 17 17.574685
15 18 18.581231
15 19 0.384128
15 20 3.503007
8 0 2.376538
8 1 8.772933
8 2 25.860116
8 3 125.009061
8 4 23.141243
8 5 42.819993
8 6 205.281128
8 7 1771.243243
8 8 7281.777778
8 9 6.844133
8 10 11.887539
8 11 13.832727
8 12 30.775299
8 13 29.945625
8 14 29.537352
8 15 31.089184
8 16 24.158511
15 21 5.582402
8 17 25.254721
8 18 25.298591
8 19 0.351322
8 20 4.532619
8 21 3.863240
8 22 0.346727
8 23 5.623959
8 24 9.745855
8 25 10.486599
8 26 15.755740
8 27 54.750209
8 28 213.125203
8 29 0.106689
15 22 0.296321
15 23 7.614267
15 24 4.091206
15 25 7.444735
15 26 22.101341
15 27 226.768166
15 28 2473.056604
15 29 0.113965
16 0 2.232685
16 1 5.785694
16 2 6.723710
16 3 8.338709
16 4 9.645449
16 5 26.309113
16 6 36.761184
16 7 19.405137
16 8 30.162697
16 9 22.846784
16 10 22.097614
16 11 27.386544
16 12 35.631915
16 13 28.953391
28 0 1.442841
28 1 0.301019
28 2 0.293753
28 3 8.476218
28 4 10.151177
28 5 11.941147
28 6 10.992284
28 7 12.228577
28 8 12.619458
28 9 21.133828
28 10 72.455500
28 11 43.983893
28 12 35.622231
28 13 3.297865
16 14 56.655284
16 15 5242.880000
28 14 9.100326
28 15 16.491193
28 16 17.418206
28 17 38.196707
28 18 26.052872
28 19 36.937297
28 20 73.347510
28 21 36.505222
28 22 19.940971
28 23 43.983893
16 16 17476.266667
16 17 11.596726
28 24 6553.600000
28 25 7084.972973
16 18 15.111777
16 19 0.385858
16 20 3.543300
28 26 3158.361446
28 27 4443.118644
16 21 5.559552
16 22 0.297010
16 23 6.734938
16 24 4.369649
28 28 13797.052632
28 29 0.117676
16 25 6.889823
16 26 16.533838
16 27 25.855015
16 28 6241.523810
16 29 0.114570
