0 0 801.663609
0 1 83.902021
0 2 68.639245
0 3 66.636544
0 4 33.944797
0 5 77.074965
0 6 47.802422
0 7 83.336890
0 8 72.192983
0 9 26.388731
0 10 76.435875
0 11 57.479841
0 12 21.229458
0 13 26.810344
0 14 65.871533
0 15 85.205054
0 16 44.384404
0 17 43.084566
0 18 37.090655
0 19 33.831990
0 20 44.576390
0 21 88.358803
0 22 35.434142
0 23 42.707939
0 24 24.096263
0 25 30.068312
0 26 21.164861
0 27 44.616933
0 28 67.776873
0 29 87.672662
1 0 59.046844
1 1 4221.745345
1 2 27.375015
1 3 50.423217
1 4 30.010224
1 5 60.354040
1 6 62.881704
1 7 74.973259
1 8 59.080945
1 9 29.955142
1 10 22.788628
1 11 35.510191
1 12 15.933445
1 13 73.255275
1 14 72.453623
1 15 40.744341
1 16 58.947262
1 17 43.238242
1 18 64.551092
1 19 39.333093
1 20 52.128410
1 21 30.316398
1 22 21.924868
1 23 67.652247
1 24 79.266432
1 25 28.319896
1 26 50.002730
1 27 30.696580
1 28 79.154986
1 29 59.247440
2 0 34.924448
2 1 41.989859
2 2 4279.902041
2 3 28.769589
2 4 30.435301
2 5 42.324810
2 6 31.646287
2 7 31.127484
2 8 42.699244
2 9 75.860083
2 10 30.398243
2 11 39.782644
2 12 13.828827
2 13 49.464924
2 14 21.950800
2 15 50.865944
2 16 54.931262
2 17 85.426316
2 18 46.555787
2 19 52.624497
2 20 47.351265
2 21 31.983407
2 22 24.729108
2 23 63.699175
2 24 48.139841
2 25 31.331523
2 26 40.351574
2 27 53.807965
2 28 40.892511
2 29 56.094581
3 0 21.376770
3 1 35.510642
3 2 86.730852
3 3 4556.549701
3 4 17.271314
3 5 41.582932
3 6 24.769634
3 7 32.214564
3 8 24.062326
3 9 68.227800
3 10 29.778410
3 11 36.181186
3 12 22.451645
3 13 47.445536
3 14 23.633343
3 15 50.700852
3 16 52.043354
3 17 71.106168
3 18 25.526928
3 19 31.991457
3 20 31.169469
3 21 36.407151
3 22 28.514253
3 23 55.852562
3 24 53.402052
3 25 38.648097
3 26 26.044379
3 27 60.049021
3 28 58.261910
3 29 50.519479
4 0 12.844470
4 1 40.691966
4 2 63.733052
4 3 43.098733
4 4 8128.496124
4 5 19.964985
4 6 36.930955
4 7 9.964788
4 8 47.173124
4 9 23.403951
4 10 41.264649
4 11 65.475129
4 12 40.684071
4 13 59.776446
4 14 38.544211
4 15 29.559209
4 16 50.333661
4 17 24.027107
4 18 18.842463
4 19 28.916861
4 20 89.633372
4 21 68.434858
4 22 48.727632
4 23 49.376121
4 24 33.707058
4 25 19.847459
4 26 82.705867
4 27 44.060129
4 28 6.203023
4 29 32.398580
5 0 11.225041
5 1 29.878642
5 2 48.736125
5 3 35.620416
5 4 51.324364
5 5 5077.849879
5 6 16.727635
5 7 1.940528
5 8 48.597213
5 9 32.800929
5 10 40.755823
5 11 69.085255
5 12 21.001605
5 13 35.194938
5 14 49.608554
5 15 66.175002
5 16 47.544225
5 17 47.368912
5 18 8.751516
5 19 45.866457
5 20 50.808024
5 21 71.394839
5 22 8.463595
5 23 81.237730
5 24 49.054179
5 25 69.455343
5 26 61.784976
5 27 69.007963
5 28 84.718866
5 29 53.993255
6 0 9.343599
6 1 29.152214
6 2 33.136907
6 3 29.091857
6 4 75.793598
6 5 41.107127
6 6 8305.552475
6 7 1.787774
6 8 55.425959
6 9 51.041741
6 10 17.418640
6 11 55.334556
6 12 29.167013
6 13 75.545141
6 14 60.196392
6 15 42.655602
6 16 65.194746
6 17 52.170231
6 18 59.304824
6 19 8.979014
6 20 75.656881
6 21 73.191997
6 22 16.066837
6 23 13.189345
6 24 50.058529
6 25 31.937622
6 26 81.849660
6 27 40.593705
6 28 31.139386
6 29 31.901185
7 0 8.226868
7 1 32.335762
7 2 19.730427
7 3 27.262206
7 4 12.528800
7 5 2.245578
7 6 29.170563
7 7 22795.130435
7 8 18.417032
7 9 23.060324
7 10 75.675309
7 11 18.584565
7 12 78.589170
7 13 6.974831
7 14 49.603860
7 15 53.626000
7 16 72.049747
7 17 61.589463
7 18 26.774403
7 19 39.883837
7 20 48.389767
7 21 50.517654
7 22 49.692012
7 23 26.697627
7 24 58.917039
7 25 25.986933
7 26 39.437015
7 27 60.434045
7 28 60.320622
7 29 24.404927
8 0 7.463652
8 1 27.597192
8 2 15.397224
8 3 19.603994
8 4 16.689961
8 5 2.242906
8 6 34.825276
8 7 32.528105
8 8 17119.608163
8 9 17.716285
8 10 46.018685
8 11 17.855244
8 12 33.944248
8 13 40.415535
8 14 7.259439
8 15 77.196253
8 16 63.297351
8 17 53.057196
8 18 33.521045
8 19 7.733653
8 20 70.027030
8 21 79.405242
8 22 69.628872
8 23 66.725061
8 24 43.386060
8 25 54.857980
8 26 64.906207
8 27 50.093204
8 28 36.395304
8 29 12.973673
9 0 5.854234
9 1 40.702430
9 2 21.905688
9 3 19.664287
9 4 10.904521
9 5 2.337432
9 6 34.905411
9 7 19.677941
9 8 85.408921
9 9 4066.218129
9 10 17.961758
9 11 22.896547
9 12 21.541840
9 13 47.179757
9 14 7.379330
9 15 46.444949
9 16 78.575919
9 17 85.668849
9 18 75.358511
9 19 7.367495
9 20 35.889857
9 21 43.276609
9 22 67.559622
9 23 93.055798
9 24 69.215793
9 25 53.728355
9 26 66.224110
9 27 80.047789
9 28 1.904845
9 29 63.330802
10 0 5.384876
10 1 18.669729
10 2 25.218885
10 3 18.630256
10 4 13.387586
10 5 2.284500
10 6 19.978156
10 7 75.679405
10 8 49.427034
10 9 32.744848
10 10 23629.881690
10 11 12.719648
10 12 38.376518
10 13 39.909074
10 14 7.127376
10 15 52.811685
10 16 49.849701
10 17 51.213754
10 18 39.801142
10 19 4.836100
10 20 30.025478
10 21 34.410567
10 22 42.765855
10 23 42.185819
10 24 50.146507
10 25 36.592806
10 26 68.375172
10 27 80.021063
10 28 2.693920
10 29 33.831990
11 0 4.968027
11 1 12.759795
11 2 39.220546
11 3 19.639197
11 4 14.330241
11 5 2.337619
11 6 14.716262
11 7 25.501785
11 8 43.473075
11 9 48.388092
11 10 33.188955
11 11 7013.886288
11 12 1.869804
11 13 59.679909
11 14 47.938464
11 15 80.299118
11 16 52.794733
11 17 72.145795
11 18 44.061981
11 19 53.920719
11 20 73.395641
11 21 55.861116
11 22 68.220587
11 23 87.002510
11 24 66.228293
11 25 89.343160
11 26 67.199718
11 27 66.796789
11 28 3.222474
11 29 25.401320
12 0 4.211248
12 1 9.720130
12 2 31.598843
12 3 40.641693
12 4 20.737446
12 5 2.193745
12 6 17.548031
12 7 54.142757
12 8 22.188387
12 9 32.379822
12 10 95.781140
12 11 1.989814
12 12 16545.577909
12 13 23.409503
12 14 41.011465
12 15 46.207788
12 16 48.466091
12 17 1.860013
12 18 26.955075
12 19 34.455796
12 20 14.694222
12 21 24.949240
12 22 36.469989
12 23 35.300241
12 24 42.979270
12 25 40.839754
12 26 32.056619
12 27 44.585630
12 28 86.304327
12 29 25.891565
13 0 3.526956
13 1 15.078502
13 2 21.279541
13 3 33.392146
13 4 25.442383
13 5 2.155855
13 6 28.880325
13 7 31.079739
13 8 22.293645
13 9 30.761305
13 10 55.961734
13 11 2.031842
13 12 39.853899
13 13 4295.242192
13 14 26.651738
13 15 43.979281
13 16 39.239810
13 17 1.842350
13 18 16.755367
13 19 65.186640
13 20 6.582346
13 21 81.141077
13 22 29.354712
13 23 84.224663
13 24 42.940549
13 25 35.323132
13 26 74.139678
13 27 100.830675
13 28 44.356945
13 29 18.317578
14 0 3.333344
14 1 14.694119
14 2 14.152876
14 3 41.428703
14 4 38.226297
14 5 2.167572
14 6 31.712566
14 7 6.419026
14 8 26.735321
14 9 34.038183
14 10 42.590414
14 11 2.625175
14 12 46.442120
14 13 67.269773
14 14 8208.031311
14 15 23.371869
14 16 52.236504
14 17 1.846684
14 18 16.992649
14 19 59.589186
14 20 13.668506
14 21 8.409017
14 22 74.619130
14 23 42.195793
14 24 28.311389
14 25 72.147036
14 26 51.733629
14 27 34.528978
14 28 62.266521
14 29 29.595188
15 0 3.160998
15 1 13.180082
15 2 14.025568
15 3 44.058278
15 4 24.217445
15 5 2.247522
15 6 31.362213
15 7 6.511090
15 8 32.655492
15 9 25.827472
15 10 36.314006
15 11 2.718553
15 12 28.701472
15 13 81.517190
15 14 48.818092
15 15 11140.249668
15 16 27.516444
15 17 1.849330
15 18 14.988195
15 19 34.970456
15 20 19.619951
15 21 8.720366
15 22 37.162296
15 23 21.870051
15 24 37.363407
15 25 9.531350
15 26 18.717051
15 27 29.245515
15 28 22.387053
15 29 87.754289
16 0 2.994226
16 1 13.975493
16 2 14.020879
16 3 32.726708
16 4 26.492907
16 5 2.258438
16 6 30.638616
16 7 6.634972
16 8 31.523914
16 9 26.056190
16 10 35.032232
16 11 2.737216
16 12 23.149162
16 13 87.566500
16 14 57.034321
16 15 51.632371
16 16 28728.109589
16 17 1.818568
16 18 13.026942
16 19 31.848499
16 20 6.224762
16 21 26.496003
16 22 39.507408
16 23 79.130346
16 24 50.894953
16 25 8.845878
16 26 24.592667
16 27 25.837973
16 28 19.243281
16 29 30.251566
17 0 2.778704
17 1 14.382747
17 2 16.045816
17 3 41.127079
17 4 14.213547
17 5 2.381399
17 6 28.615412
17 7 6.607706
17 8 34.578652
17 9 30.251675
17 10 27.885527
17 11 2.780527
17 12 1.793802
17 13 42.280012
17 14 54.696660
17 15 61.148143
17 16 71.728771
17 17 4744.687783
17 18 10.087275
17 19 40.009959
17 20 21.677110
17 21 6.304337
17 22 36.406993
17 23 53.488883
17 24 61.333684
17 25 9.210154
17 26 31.265894
17 27 28.749475
17 28 17.209837
17 29 26.480028
18 0 2.603567
18 1 16.386240
18 2 15.367382
18 3 17.923151
18 4 14.039441
18 5 2.549504
18 6 38.450398
18 7 5.868178
18 8 40.282205
18 9 57.246446
18 10 20.704791
18 11 2.763826
18 12 1.712599
18 13 29.879387
18 14 73.042230
18 15 45.350936
18 16 44.791320
18 17 41.598604
18 18 7275.462272
18 19 24.230666
18 20 21.970865
18 21 4.711650
18 22 73.753785
18 23 46.381776
18 24 24.109768
18 25 24.720072
18 26 25.525763
18 27 32.457750
18 28 18.693235
18 29 19.008468
19 0 2.385575
19 1 17.726581
19 2 18.081819
19 3 15.622059
19 4 12.006968
19 5 2.148260
19 6 46.091253
19 7 11.575124
19 8 7.655621
19 9 8.619507
19 10 7.749241
19 11 14.264909
19 12 1.710615
19 13 32.974607
19 14 78.880334
19 15 29.269597
19 16 38.174284
19 17 50.259174
19 18 81.430937
19 19 8413.849549
19 20 14.071186
19 21 4.560982
19 22 70.693893
19 23 42.404614
19 24 39.157018
19 25 26.702811
19 26 21.928536
19 27 34.884799
19 28 18.049449
19 29 17.043088
20 0 2.287015
20 1 19.285974
20 2 16.243519
20 3 14.727062
20 4 14.834780
20 5 2.094174
20 6 61.178468
20 7 10.931150
20 8 7.721757
20 9 29.923406
20 10 8.508665
20 11 6.437845
20 12 1.567154
20 13 69.082410
20 14 28.649128
20 15 59.006141
20 16 38.042193
20 17 89.699505
20 18 71.132698
20 19 8.256691
20 20 8144.279612
20 21 4.517088
20 22 48.924863
20 23 33.869828
20 24 56.092330
20 25 58.802226
20 26 79.662381
20 27 76.720395
20 28 31.467389
20 29 13.770983
21 0 2.218340
21 1 13.919258
21 2 18.278582
21 3 13.644184
21 4 19.976063
21 5 2.093716
21 6 63.918074
21 7 10.253305
21 8 8.515143
21 9 22.339240
21 10 7.985348
21 11 6.800379
21 12 1.514350
21 13 11.172804
21 14 25.031430
21 15 76.465138
21 16 16.279866
21 17 47.382558
21 18 16.741356
21 19 25.485359
21 20 9.267050
21 21 28149.691275
21 22 14.667604
21 23 28.171813
21 24 28.304607
21 25 17.767920
21 26 19.019674
21 27 38.098865
21 28 27.873667
21 29 84.878307
22 0 2.090637
22 1 11.385360
22 2 14.597515
22 3 18.677253
22 4 30.369850
22 5 2.094318
22 6 17.927211
22 7 17.619980
22 8 9.014726
22 9 22.932100
22 10 7.084369
22 11 7.609039
22 12 1.472914
22 13 10.821106
22 14 50.803408
22 15 53.201553
22 16 17.072537
22 17 30.063786
22 18 20.706630
22 19 31.471875
22 20 9.190296
22 21 18.581107
22 22 6915.587799
22 23 16.825033
22 24 39.182258
22 25 17.008911
22 26 19.486865
22 27 32.599527
22 28 21.613773
22 29 26.421645
23 0 1.960868
23 1 14.302900
23 2 16.351425
23 3 16.383584
23 4 25.229807
23 5 1.755732
23 6 51.365848
23 7 54.750566
23 8 10.625095
23 9 28.097739
23 10 6.795532
23 11 7.836847
23 12 1.443283
23 13 12.658286
23 14 41.028715
23 15 16.649845
23 16 84.175644
23 17 27.431591
23 18 17.799513
23 19 29.452521
23 20 9.272203
23 21 16.149485
23 22 44.031452
23 23 25890.765432
23 24 24.266765
23 25 16.494111
23 26 20.035894
23 27 29.418642
23 28 18.942623
23 29 24.699037
24 0 1.855031
24 1 18.402810
24 2 15.719925
24 3 15.625172
24 4 22.191321
24 5 1.778232
24 6 38.843701
24 7 74.520361
24 8 11.017000
24 9 32.246018
24 10 6.088452
24 11 9.006760
24 12 1.433506
24 13 12.378402
24 14 27.781907
24 15 21.012231
24 16 83.824050
24 17 31.598962
24 18 12.072076
24 19 53.357555
24 20 9.973330
24 21 13.638904
24 22 40.917245
24 23 84.341524
24 24 27594.105263
24 25 13.057358
24 26 20.497064
24 27 22.145626
24 28 17.214428
24 29 36.396251
25 0 1.750168
25 1 15.778827
25 2 16.654010
25 3 20.778797
25 4 13.440116
25 5 1.905332
25 6 24.167837
25 7 41.456957
25 8 14.075578
25 9 33.640552
25 10 6.005964
25 11 9.509255
25 12 1.407889
25 13 12.185111
25 14 35.547660
25 15 7.916866
25 16 32.522682
25 17 40.628898
25 18 75.533577
25 19 71.831959
25 20 12.118588
25 21 8.312927
25 22 79.748717
25 23 60.123478
25 24 63.329367
25 25 8073.732435
25 26 15.395727
25 27 21.114465
25 28 16.019433
25 29 46.700411
27 0 1.487169
27 1 94.523787
27 2 18.137845
27 3 15.997895
27 4 19.294402
27 5 1.922776
27 6 22.812240
27 7 33.989084
27 8 14.536829
27 9 42.374840
27 10 5.970323
27 11 10.044950
27 12 1.356303
27 13 17.481293
27 14 20.673002
27 15 5.899809
27 16 64.316006
27 17 86.353191
27 18 48.884662
27 19 70.095493
27 20 26.170891
27 21 5.611432
27 22 66.041111
27 23 71.897219
27 24 36.924290
27 25 56.702388
27 26 92.159213
27 27 4217.500251
27 28 8.247210
27 29 39.378145
29 0 1.486983
29 1 26.505966
29 2 14.367351
29 3 17.382618
29 4 4.780141
29 5 2.781280
29 6 12.825716
29 7 8.074735
29 8 96.042133
29 9 2.188382
29 10 32.960355
29 11 19.015923
29 12 2.318147
29 13 13.021239
29 14 34.359545
29 15 5.513290
29 16 21.760388
29 17 47.491737
29 18 37.463192
29 19 41.916004
29 20 36.201797
29 21 8.266145
29 22 19.387781
29 23 36.379204
29 24 66.887866
29 25 57.684984
29 26 40.215387
29 27 20.630802
29 28 36.841100
29 29 23696.632768
28 0 1.517961
28 1 25.294395
28 2 17.481402
28 3 15.929632
28 4 5.006716
28 5 2.694340
28 6 16.108117
28 7 74.444308
28 8 13.676885
28 9 1.905821
28 10 68.176785
28 11 24.799364
28 12 2.286617
28 13 15.342479
28 14 20.629483
28 15 5.213664
28 16 47.545303
28 17 46.030301
28 18 67.665344
28 19 63.946334
28 20 71.854725
28 21 5.376672
28 22 45.472872
28 23 39.238708
28 24 37.044792
28 25 36.492676
28 26 38.935650
28 27 23.129949
28 28 28532.680272
28 29 18.666489
26 0 1.611927
26 1 34.047439
26 2 15.359925
26 3 13.291537
26 4 23.350335
26 5 1.892583
26 6 27.551871
26 7 32.004884
26 8 14.393730
26 9 38.491153
26 10 6.012779
26 11 9.982338
26 12 1.372258
26 13 15.000443
26 14 27.665727
26 15 6.372206
26 16 71.792614
26 17 66.472325
26 18 46.214152
26 19 40.022749
26 20 20.359266
26 21 6.194722
26 22 88.792768
26 23 73.126917
26 24 64.968540
26 25 67.140554
26 26 7921.254013
26 27 16.186443
26 28 13.061444
26 29 59.935753
