0 0 1042.581158
0 1 74.485291
0 2 68.647670
0 3 50.888161
0 4 80.623257
0 5 67.257908
0 6 93.256492
0 7 68.414207
0 8 86.983565
0 9 77.749326
0 10 34.439952
0 11 61.157059
0 12 45.955910
0 13 46.825800
0 14 31.868584
0 15 42.651047
0 16 32.316080
0 17 30.242732
0 18 35.465902
0 19 50.818489
0 20 31.041211
0 21 66.258633
0 22 26.325874
0 23 35.090409
0 24 71.208781
0 25 54.854751
0 26 38.214107
0 27 33.498155
0 28 44.799692
0 29 37.726704
1 0 76.255913
1 1 26296.576803
1 2 30.623293
1 3 86.766736
1 4 36.850163
1 5 68.556783
1 6 50.235999
1 7 35.144069
1 8 29.586315
1 9 63.480328
1 10 86.914170
1 11 19.137130
1 12 40.822463
1 13 37.223310
1 14 36.104570
1 15 92.062117
1 16 26.462319
1 17 31.113053
1 18 37.064270
1 19 29.612008
1 20 26.322817
1 21 31.330587
1 22 21.326012
1 23 33.931479
1 24 16.276518
1 25 42.795745
1 26 42.380620
1 27 26.514595
1 28 29.997668
1 29 30.137556
2 0 39.529004
2 1 52.607336
2 2 4118.118802
2 3 31.161017
2 4 53.607495
2 5 56.291071
2 6 50.833271
2 7 40.290718
2 8 25.227455
2 9 51.761721
2 10 44.498122
2 11 19.236176
2 12 40.236220
2 13 68.337852
2 14 39.021863
2 15 17.044473
2 16 75.439836
2 17 18.826520
2 18 21.619065
2 19 37.802699
2 20 42.254030
2 21 31.138114
2 22 27.095425
2 23 26.264055
2 24 28.548897
2 25 48.583141
2 26 56.719257
2 27 15.185859
2 28 38.627453
2 29 54.480679
3 0 21.278678
3 1 84.420462
3 2 68.853897
3 3 27869.129568
3 4 24.105403
3 5 43.392344
3 6 40.323255
3 7 51.663534
3 8 26.508981
3 9 43.588733
3 10 82.078707
3 11 12.678795
3 12 41.600667
3 13 35.426959
3 14 28.839220
3 15 86.021124
3 16 25.277703
3 17 19.901468
3 18 29.102354
3 19 45.841392
3 20 49.538243
3 21 17.830765
3 22 24.086646
3 23 22.860668
3 24 25.477155
3 25 24.442901
3 26 26.832727
3 27 39.712771
3 28 54.522463
3 29 44.815968
4 0 16.311363
4 1 50.973506
4 2 77.583219
4 3 48.977994
4 4 27962.026667
4 5 27.202179
4 6 40.364195
4 7 66.906005
4 8 18.983604
4 9 64.991695
4 10 47.349928
4 11 11.662507
4 12 78.160801
4 13 40.435796
4 14 28.113276
4 15 38.988130
4 16 31.866647
4 17 23.610926
4 18 21.412401
4 19 49.220832
4 20 52.109629
4 21 24.755015
4 22 13.803409
4 23 23.320734
4 24 29.291367
4 25 25.363073
4 26 27.056447
4 27 43.839538
4 28 85.217172
4 29 69.168993
5 0 13.259603
5 1 41.269115
5 2 79.754782
5 3 38.810454
5 4 78.240263
5 5 5203.851117
5 6 25.303475
5 7 48.654715
5 8 18.112428
5 9 58.922005
5 10 51.184692
5 11 11.033214
5 12 65.475640
5 13 49.804418
5 14 22.562212
5 15 35.073244
5 16 32.188358
5 17 30.706918
5 18 23.736730
5 19 89.394574
5 20 44.915551
5 21 22.779098
5 22 13.176417
5 23 18.138119
5 24 35.478502
5 25 28.156400
5 26 28.521815
5 27 46.574140
5 28 71.646066
5 29 67.765922
6 0 11.086422
6 1 34.884073
6 2 73.897372
6 3 34.189816
6 4 71.966919
6 5 74.166553
6 6 8004.396947
6 7 29.651783
6 8 14.159900
6 9 62.192198
6 10 40.407942
6 11 12.278425
6 12 46.938466
6 13 19.297909
6 14 23.863882
6 15 35.335035
6 16 15.703152
6 17 83.976775
6 18 75.520657
6 19 39.665637
6 20 23.741500
6 21 29.317471
6 22 33.708006
6 23 18.643754
6 24 11.837883
6 25 39.146968
6 26 39.350990
6 27 1.869553
6 28 54.072607
6 29 72.498708
7 0 10.009687
7 1 23.118156
7 2 76.981600
7 3 43.058691
7 4 69.879444
7 5 69.608650
7 6 65.179549
7 7 7936.242195
7 8 10.273660
7 9 85.251814
7 10 38.789995
7 11 14.466484
7 12 30.042037
7 13 13.399990
7 14 41.644243
7 15 35.974201
7 16 14.957915
7 17 28.987608
7 18 24.468925
7 19 34.320184
7 20 48.065366
7 21 33.683778
7 22 36.147354
7 23 17.821446
7 24 27.299024
7 25 30.001423
7 26 38.940530
7 27 1.904731
7 28 17.654689
7 29 37.589937
8 0 8.689841
8 1 15.986797
8 2 49.296906
8 3 52.169907
8 4 38.559980
8 5 43.447406
8 6 34.828023
8 7 46.776451
8 8 4238.811521
8 9 21.385108
8 10 18.760124
8 11 40.256881
8 12 21.667144
8 13 11.409440
8 14 29.578908
8 15 28.676845
8 16 7.954348
8 17 54.250603
8 18 44.831057
8 19 59.965745
8 20 52.084069
8 21 79.760091
8 22 27.418590
8 23 46.146019
8 24 33.188824
8 25 33.352052
8 26 27.059764
8 27 1.864276
8 28 50.068388
8 29 25.007924
9 0 7.825734
9 1 14.094119
9 2 55.584617
9 3 31.691600
9 4 78.079321
9 5 37.119213
9 6 38.959158
9 7 47.021872
9 8 33.203274
9 9 13315.250794
9 10 13.522401
9 11 35.525681
9 12 29.287174
9 13 8.929143
9 14 32.302764
9 15 32.049025
9 16 8.392166
9 17 26.854373
9 18 33.336544
9 19 39.607766
9 20 82.498456
9 21 38.212889
9 22 40.037075
9 23 33.256586
9 24 43.997503
9 25 47.127276
9 26 70.966609
9 27 1.784974
9 28 60.659980
9 29 61.401025
10 0 6.315101
10 1 20.600100
10 2 29.767421
10 3 68.026404
10 4 36.529067
10 5 56.232960
10 6 29.939533
10 7 37.968841
10 8 18.306545
10 9 50.313435
10 10 22610.803235
10 11 13.843364
10 12 44.090003
10 13 8.074486
10 14 30.085998
10 15 79.140798
10 16 7.572306
10 17 7.691751
10 18 29.471456
10 19 78.761835
10 20 41.248011
10 21 64.027844
10 22 47.445536
10 23 66.836172
10 24 73.539125
10 25 70.933604
10 26 71.374793
10 27 2.029338
10 28 58.735938
10 29 59.702421
11 0 5.933125
11 1 11.676208
11 2 22.728797
11 3 27.642844
11 4 27.488672
11 5 44.163818
11 6 46.764455
11 7 68.979590
11 8 70.442780
11 9 45.449713
11 10 26.796641
11 11 4240.954499
11 12 15.977175
11 13 8.528700
11 14 36.997901
11 15 45.597943
11 16 8.255366
11 17 17.680625
11 18 8.815878
11 19 87.181542
11 20 8.832038
11 21 65.893265
11 22 46.885210
11 23 29.719752
11 24 73.974268
11 25 55.972563
11 26 44.086527
11 27 2.713852
11 28 51.771304
11 29 53.659961
12 0 5.236897
12 1 10.215260
12 2 35.676013
12 3 24.463002
12 4 45.341376
12 5 33.173206
12 6 31.548218
12 7 44.378064
12 8 45.375467
12 9 88.042570
12 10 30.321110
12 11 30.804570
12 12 9903.905549
12 13 6.930660
12 14 47.326153
12 15 30.386131
12 16 8.448755
12 17 13.232913
12 18 10.274919
12 19 75.336177
12 20 10.527687
12 21 44.299321
12 22 27.494618
12 23 29.825950
12 24 43.317281
12 25 45.487666
12 26 87.356764
12 27 2.839033
12 28 55.907281
12 29 62.495217
13 0 4.618441
13 1 9.964268
13 2 86.188166
13 3 18.266164
13 4 43.582618
13 5 50.113254
13 6 14.982413
13 7 26.692615
13 8 25.105971
13 9 25.848084
13 10 20.278796
13 11 37.543504
13 12 40.506087
13 13 4485.886631
13 14 31.120556
13 15 18.970982
13 16 10.596841
13 17 10.317850
13 18 12.654982
13 19 67.751692
13 20 9.993195
13 21 43.542577
13 22 16.900420
13 23 31.806596
13 24 36.139100
13 25 53.249846
13 26 68.063937
13 27 3.120378
13 28 36.644438
13 29 38.870880
14 0 4.118202
14 1 9.859207
14 2 84.065139
14 3 15.486737
14 4 43.227769
14 5 38.756840
14 6 17.046933
14 7 27.208267
14 8 24.362472
14 9 25.302864
14 10 25.706299
14 11 40.870197
14 12 49.073119
14 13 88.071225
14 14 4084.035054
14 15 10.777978
14 16 14.654229
14 17 9.558110
14 18 5.311091
14 19 66.764360
14 20 52.847284
14 21 29.439394
14 22 22.365387
14 23 18.709829
14 24 61.506823
14 25 62.735919
14 26 83.787211
14 27 3.494052
14 28 24.348470
14 29 51.678493
15 0 3.631243
15 1 13.077979
15 2 15.117742
15 3 69.755673
15 4 26.345551
15 5 37.233719
15 6 15.463128
15 7 37.942566
15 8 19.887266
15 9 32.380072
15 10 35.995657
15 11 25.872319
15 12 34.067212
15 13 40.618275
15 14 26.126224
15 15 12539.025411
15 16 10.618935
15 17 9.245153
15 18 5.453724
15 19 73.584926
15 20 66.287954
15 21 26.945464
15 22 13.510162
15 23 35.099953
15 24 9.129524
15 25 64.500465
15 26 81.547303
15 27 5.483188
15 28 22.558147
15 29 40.822861
16 0 3.289047
16 1 12.553061
16 2 24.261010
16 3 19.828740
16 4 56.173464
16 5 24.261290
16 6 11.276678
16 7 7.550162
16 8 68.050133
16 9 48.755386
16 10 25.081050
16 11 52.391798
16 12 37.978296
16 13 81.526697
16 14 73.082957
16 15 54.812815
16 16 4021.384468
16 17 7.999771
16 18 5.024743
16 19 32.702467
16 20 42.744282
16 21 35.092024
16 22 17.622793
16 23 7.882941
16 24 59.422451
16 25 28.966788
16 26 36.202891
16 27 6.874877
16 28 33.654993
16 29 31.571252
17 0 3.020964
17 1 11.488993
17 2 16.373095
17 3 26.331823
17 4 56.187385
17 5 28.243711
17 6 15.164145
17 7 20.274483
17 8 10.051618
17 9 22.874695
17 10 34.086038
17 11 21.665073
17 12 20.278306
17 13 29.402350
17 14 59.263764
17 15 42.843394
17 16 50.334567
17 17 7384.338028
17 18 4.784111
17 19 23.841839
17 20 29.276135
17 21 29.955998
17 22 34.996863
17 23 7.789307
17 24 18.577198
17 25 26.029994
17 26 44.973826
17 27 8.340210
17 28 33.003407
17 29 24.614388
18 0 2.794091
18 1 11.373428
18 2 13.438566
18 3 22.821921
18 4 50.150404
18 5 43.135743
18 6 23.596182
18 7 10.596105
18 8 15.275149
18 9 20.504630
18 10 7.276933
18 11 42.366279
18 12 33.498690
18 13 8.305043
18 14 49.719109
18 15 36.268161
18 16 40.572697
18 17 72.197953
18 18 8559.804082
18 19 16.180417
18 20 18.201324
18 21 34.809380
18 22 70.022354
18 23 8.217326
18 24 12.659012
18 25 40.970002
18 26 50.864093
18 27 7.410457
18 28 39.778871
18 29 34.915290
19 0 2.633382
19 1 10.348309
19 2 13.108367
19 3 40.544067
19 4 34.534095
19 5 68.844856
19 6 17.598688
19 7 12.550000
19 8 15.086719
19 9 16.346295
19 10 7.777405
19 11 43.262325
19 12 33.189480
19 13 72.879143
19 14 7.682621
19 15 56.574280
19 16 22.375349
19 17 42.168430
19 18 58.487767
19 19 7825.194030
19 20 14.600539
19 21 33.336544
19 22 58.153665
19 23 8.018215
19 24 5.399885
19 25 34.982560
19 26 58.267980
19 27 25.952443
19 28 55.625161
19 29 33.598782
20 0 2.452751
20 1 9.278982
20 2 15.826457
20 3 56.234845
20 4 34.143892
20 5 62.727006
20 6 12.410964
20 7 18.109808
20 8 14.343841
20 9 20.261653
20 10 7.126105
20 11 8.967160
20 12 79.846639
20 13 52.671418
20 14 20.690696
20 15 56.697406
20 16 18.115009
20 17 30.449994
20 18 29.928210
20 19 73.625614
20 20 29330.797203
20 21 22.591561
20 22 68.620154
20 23 7.501416
20 24 5.152996
20 25 33.217211
20 26 81.714119
20 27 27.417067
20 28 54.769512
20 29 35.512446
21 0 2.345680
21 1 7.882741
21 2 17.023789
21 3 25.285627
21 4 66.062435
21 5 54.182624
21 6 16.230570
21 7 17.136185
21 8 18.516999
21 9 15.515152
21 10 7.944104
21 11 8.931900
21 12 42.306026
21 13 51.979824
21 14 15.763527
21 15 76.959000
21 16 21.821807
21 17 29.647172
21 18 25.625572
21 19 74.293326
21 20 79.728252
21 21 4122.166093
21 22 32.489932
21 23 7.316270
21 24 4.903869
21 25 37.996186
21 26 62.157175
21 27 38.749500
21 28 48.539286
21 29 38.235357
22 0 2.156673
22 1 6.900075
22 2 28.608678
22 3 16.411952
22 4 33.126177
22 5 33.983301
22 6 83.848348
22 7 17.229419
22 8 16.726701
22 9 17.261185
22 10 8.471844
22 11 8.993242
22 12 23.314253
22 13 29.043410
22 14 19.616555
22 15 22.401641
22 16 38.090907
22 17 76.010620
22 18 51.020320
22 19 70.036970
22 20 75.259802
22 21 79.834480
22 22 9078.580087
22 23 6.739294
22 24 4.191690
22 25 11.840740
22 26 46.011870
22 27 51.732034
22 28 52.742950
22 29 48.687189
23 0 2.042623
23 1 7.014672
23 2 18.716467
23 3 16.880627
23 4 26.454224
23 5 27.867741
23 6 86.666336
23 7 17.428846
23 8 38.966035
23 9 16.131659
23 10 9.237884
23 11 7.552045
23 12 24.272312
23 13 30.861007
23 14 14.716030
23 15 7.545130
23 16 53.276225
23 17 75.770321
23 18 76.329463
23 19 62.221721
23 20 49.669945
23 21 57.586380
23 22 67.883826
23 23 6967.282392
23 24 3.884663
23 25 11.688898
23 26 52.156283
23 27 36.778913
23 28 53.144591
23 29 49.688186
24 0 1.957888
24 1 5.624291
24 2 29.030343
24 3 18.763481
24 4 23.553515
24 5 36.634196
24 6 14.561938
24 7 79.529456
24 8 47.278408
24 9 19.513019
24 10 10.303504
24 11 7.537307
24 12 20.373358
24 13 22.256381
24 14 6.421758
24 15 62.314163
24 16 25.879663
24 17 25.323947
24 18 6.862049
24 19 59.819926
24 20 26.870975
24 21 41.889631
24 22 26.239163
24 23 42.112120
24 24 7966.389364
24 25 10.065428
24 26 38.613051
24 27 45.571438
24 28 34.263271
24 29 25.762193
25 0 1.907329
25 1 5.327988
25 2 37.636485
25 3 11.902601
25 4 32.113807
25 5 38.504051
25 6 14.537963
25 7 81.071285
25 8 71.217849
25 9 21.655621
25 10 11.094883
25 11 7.391280
25 12 19.888256
25 13 23.834184
25 14 19.282959
25 15 8.622564
25 16 16.558380
25 17 21.490791
25 18 34.633044
25 19 8.022102
25 20 34.788304
25 21 8.611765
25 22 67.892616
25 23 61.138784
25 24 73.156252
25 25 8594.885246
25 26 23.047273
25 27 53.022319
25 28 25.296073
25 29 26.849818
26 0 1.798443
26 1 5.598515
26 2 48.163058
26 3 9.576594
26 4 29.091353
26 5 65.803842
26 6 16.675595
26 7 52.285016
26 8 37.448140
26 9 53.559919
26 10 11.224455
26 11 6.914984
26 12 23.033350
26 13 22.032784
26 14 20.783327
26 15 8.647853
26 16 13.996573
26 17 22.572473
26 18 38.723205
26 19 8.015487
26 20 44.643765
26 21 33.884740
26 22 9.387452
26 23 47.008961
26 24 54.506166
26 25 64.760893
26 26 20815.404467
26 27 25.649000
26 28 27.180937
26 29 28.599217
27 0 1.721678
27 1 5.084852
27 2 20.332076
27 3 16.716801
27 4 39.030397
27 5 49.639671
27 6 1.764587
27 7 78.570032
27 8 22.814970
27 9 26.080331
27 10 35.087474
27 11 64.198367
27 12 44.154519
27 13 80.438486
27 14 72.872179
27 15 73.349434
27 16 32.821078
27 17 41.267694
27 18 23.396967
27 19 33.892955
27 20 49.858590
27 21 55.026389
27 22 9.859161
27 23 39.367241
27 24 83.992751
27 25 72.610410
27 26 50.225471
27 27 8577.308793
27 28 17.503251
27 29 35.554139
29 0 1.594263
29 1 4.725077
29 2 33.837721
29 3 18.714087
29 4 60.663051
29 5 43.723003
29 6 1.742973
29 7 17.584116
29 8 56.351195
29 9 49.749775
29 10 37.175307
29 11 47.749091
29 12 44.456853
29 13 32.138537
29 14 50.372349
29 15 42.071358
29 16 38.537483
29 17 40.163977
29 18 39.006440
29 19 50.466899
29 20 39.398859
29 21 88.488360
29 22 9.930978
29 23 40.149559
29 24 24.043980
29 25 43.294477
29 26 88.868963
29 27 65.576473
29 28 89.102118
29 29 30174.848921
28 0 1.648774
28 1 5.183775
28 2 18.961291
28 3 21.505281
28 4 37.843458
28 5 47.946136
28 6 1.751147
28 7 26.993847
28 8 74.103002
28 9 21.915761
28 10 44.900405
28 11 40.178982
28 12 49.955979
28 13 44.853829
28 14 40.080882
28 15 55.106638
28 16 58.998671
28 17 48.850501
28 18 24.933296
28 19 65.275408
28 20 40.176865
28 21 44.094406
28 22 9.921887
28 23 39.562747
28 24 38.648631
28 25 46.969479
28 26 69.803851
28 27 43.934365
28 28 29330.797203
28 29 24.434072
