0 0 5907.470423
0 1 48.573295
0 2 67.506341
0 3 67.954765
0 4 103.563062
0 5 59.524069
0 6 39.519692
0 7 140.324657
0 8 236.432018
0 9 63.432806
0 10 102.590353
0 11 35.815691
0 12 41.986706
0 13 54.952493
0 14 45.685605
0 15 34.081191
0 16 37.771550
0 17 34.461458
0 18 33.242221
0 19 41.112566
0 20 51.090236
0 21 59.218162
0 22 78.007439
0 23 90.480283
0 24 124.172657
0 25 55.327986
0 26 132.037524
0 27 104.351495
0 28 168.975264
0 29 142.006501
1 0 101.043219
1 1 24385.488372
1 2 262.899837
1 3 90.460769
1 4 65.437843
1 5 90.464671
1 6 67.623888
1 7 69.405348
1 8 87.607653
1 9 97.737428
1 10 92.581317
1 11 124.860205
1 12 106.932082
1 13 85.507298
1 14 112.423716
1 15 63.677415
1 16 121.906179
1 17 95.594494
1 18 56.103585
1 19 95.126191
1 20 90.277744
1 21 58.999916
1 22 126.777415
1 23 182.838012
1 24 79.113928
1 25 85.458517
1 26 107.623525
1 27 133.330282
1 28 87.930901
1 29 140.899758
2 0 94.160920
2 1 49.813587
2 2 19239.926606
2 3 43.353772
2 4 93.082645
2 5 58.267170
2 6 69.635808
2 7 68.036335
2 8 68.268889
2 9 89.829178
2 10 95.014136
2 11 51.807115
2 12 61.257543
2 13 64.499969
2 14 100.897378
2 15 39.589821
2 16 173.691569
2 17 45.889540
2 18 41.683767
2 19 159.491368
2 20 39.026947
2 21 129.862654
2 22 169.043366
2 23 118.049648
2 24 74.711507
2 25 99.504270
2 26 222.367936
2 27 94.423773
2 28 142.576110
2 29 133.875008
3 0 87.662584
3 1 61.016933
3 2 29.929385
3 3 7796.104089
3 4 25.398782
3 5 93.111575
3 6 49.896550
3 7 54.795987
3 8 76.376721
3 9 59.409405
3 10 71.763748
3 11 94.072220
3 12 93.886914
3 13 46.039648
3 14 101.942057
3 15 105.379227
3 16 69.548053
3 17 79.407497
3 18 72.258278
3 19 71.029704
3 20 41.329707
3 21 92.921795
3 22 100.907088
3 23 135.658969
3 24 101.556998
3 25 102.872167
3 26 137.581316
3 27 181.949679
3 28 85.135875
3 29 130.395573
4 0 105.268146
4 1 90.386691
4 2 40.843532
4 3 23.208083
4 4 8035.065134
4 5 79.718402
4 6 60.002632
4 7 85.053007
4 8 50.600844
4 9 60.266452
4 10 42.820868
4 11 81.648900
4 12 42.110640
4 13 71.631383
4 14 94.863708
4 15 56.667531
4 16 111.806366
4 17 95.769111
4 18 80.350651
4 19 50.060919
4 20 75.745007
4 21 82.555289
4 22 84.290675
4 23 139.345648
4 24 85.622504
4 25 135.282673
4 26 120.956973
4 27 174.210999
4 28 83.752077
4 29 89.940901
5 0 83.551873
5 1 60.372283
5 2 127.664942
5 3 33.737967
5 4 17.613061
5 5 7281.777778
5 6 41.938007
5 7 58.926972
5 8 125.360273
5 9 66.392883
5 10 109.792786
5 11 57.839704
5 12 66.641838
5 13 73.344945
5 14 135.878709
5 15 128.297565
5 16 128.125122
5 17 94.203216
5 18 77.853956
5 19 81.820920
5 20 374.491429
5 21 101.272552
5 22 68.725283
5 23 54.526715
5 24 104.815674
5 25 57.598242
5 26 114.398429
5 27 52.134242
5 28 190.425134
5 29 80.939869
6 0 53.096488
6 1 109.890589
6 2 157.384765
6 3 38.309044
6 4 27.762139
6 5 14.381490
6 6 25575.024390
6 7 47.180022
6 8 39.501827
6 9 136.747001
6 10 43.922173
6 11 89.944759
6 12 108.486473
6 13 102.655637
6 14 56.414483
6 15 140.748456
6 16 76.711976
6 17 49.701434
6 18 73.439978
6 19 51.565085
6 20 67.471591
6 21 47.869254
6 22 86.860172
6 23 60.247407
6 24 67.768112
6 25 66.428635
6 26 79.203565
6 27 92.954745
6 28 94.880876
6 29 90.774012
7 0 141.250892
7 1 53.490588
7 2 91.446911
7 3 120.734139
7 4 32.269834
7 5 24.435496
7 6 12.308314
7 7 5229.805486
7 8 17.179210
7 9 34.321026
7 10 91.176558
7 11 98.536485
7 12 83.006214
7 13 84.311007
7 14 78.492103
7 15 71.058584
7 16 70.809062
7 17 47.570648
7 18 43.850538
7 19 68.964846
7 20 62.896320
7 21 49.948840
7 22 46.056837
7 23 48.253653
7 24 28.662147
7 25 49.875190
7 26 55.848100
7 27 69.608072
7 28 87.838827
7 29 104.382659
8 0 173.821136
8 1 87.330391
8 2 62.064279
8 3 117.751376
8 4 38.905313
8 5 52.373808
8 6 19.914839
8 7 10.973361
8 8 6413.308869
8 9 37.419742
8 10 105.959580
8 11 90.359430
8 12 50.396559
8 13 13.318295
8 14 42.956821
8 15 69.228931
8 16 110.052057
8 17 44.450963
8 18 120.235753
8 19 56.831847
8 20 56.699705
8 21 55.533100
8 22 66.504471
8 23 52.679025
8 24 37.062633
8 25 56.012179
8 26 50.919050
8 27 61.722695
8 28 79.648766
8 29 57.585590
9 0 73.856383
9 1 60.700802
9 2 72.886109
9 3 135.439938
9 4 83.685235
9 5 36.174009
9 6 28.352919
9 7 19.474876
9 8 9.725922
9 9 24966.095238
9 10 119.380202
9 11 85.769580
9 12 40.149175
9 13 61.815481
9 14 18.656608
9 15 96.032237
9 16 88.783371
9 17 65.399071
9 18 83.511946
9 19 50.912869
9 20 71.675450
9 21 119.115756
9 22 72.613552
9 23 85.720499
9 24 74.852839
9 25 59.214818
9 26 59.673116
9 27 130.080139
9 28 93.256492
9 29 81.680701
10 0 134.363916
10 1 105.761864
10 2 103.578407
10 3 107.717500
10 4 56.901237
10 5 36.392462
10 6 43.726194
10 7 25.319361
10 8 17.027313
10 9 8.684938
10 10 5548.021164
10 11 183.285440
10 12 24.861323
10 13 62.324348
10 14 47.717855
10 15 56.222407
10 16 18.079988
10 17 54.663157
10 18 92.061106
10 19 66.612203
10 20 91.251936
10 21 48.625101
10 22 56.079581
10 23 115.736865
10 24 41.379452
10 25 62.241111
10 26 74.804780
10 27 64.553575
10 28 48.574420
10 29 51.827600
11 0 53.907205
11 1 79.609460
11 2 76.429607
11 3 115.253462
11 4 103.953207
11 5 91.670761
11 6 37.890979
11 7 45.844398
11 8 29.744727
11 9 15.662544
11 10 8.047738
11 11 8738.133333
11 12 15.677414
11 13 59.101341
11 14 66.147868
11 15 59.044766
11 16 75.592113
11 17 19.544571
11 18 65.019905
11 19 59.399309
11 20 72.855723
11 21 51.457539
11 22 42.421555
11 23 71.121240
11 24 100.366212
11 25 104.476262
11 26 126.076229
11 27 84.784799
11 28 89.994936
11 29 107.293155
12 0 95.651174
12 1 103.845110
12 2 78.155704
12 3 112.562503
12 4 81.121461
12 5 130.225534
12 6 35.822421
12 7 33.309276
12 8 23.999268
12 9 21.836917
12 10 13.985209
12 11 7.370998
12 12 20360.699029
12 13 48.906322
12 14 88.215707
12 15 98.139922
12 16 15.145938
12 17 51.660352
12 18 63.596312
12 19 17.123942
12 20 72.558281
12 21 45.471639
12 22 34.300257
12 23 54.262886
12 24 82.354290
12 25 55.583143
12 26 80.396856
12 27 80.790200
12 28 41.351711
12 29 97.288551
13 0 131.482884
13 1 86.609069
13 2 71.321997
13 3 59.114669
13 4 73.298801
13 5 99.268768
13 6 62.616505
13 7 24.873412
13 8 39.025494
13 9 21.115528
13 10 19.680665
13 11 13.353573
13 12 6.762258
13 13 8811.563025
13 14 37.987067
13 15 69.846861
13 16 89.028358
13 17 22.989794
13 18 76.141016
13 19 73.250157
13 20 11.817937
13 21 51.749587
13 22 54.651760
13 23 55.885306
13 24 53.885043
13 25 58.814595
13 26 60.797588
13 27 59.605275
13 28 43.479609
13 29 88.550944
14 0 76.987959
14 1 111.367001
14 2 115.558298
14 3 190.011054
14 4 81.696611
14 5 171.672561
14 6 55.268204
14 7 48.466651
14 8 25.932706
14 9 34.979351
14 10 26.392550
14 11 21.238273
14 12 11.906030
14 13 6.319312
14 14 17189.770492
14 15 60.192073
14 16 33.108918
14 17 71.973094
14 18 28.009830
14 19 99.485389
14 20 74.351273
14 21 103.978978
14 22 9.141024
14 23 47.384699
14 24 55.469939
14 25 65.716721
14 26 84.010415
14 27 23.929711
14 28 88.524778
14 29 94.186293
15 0 62.749529
15 1 185.244413
15 2 129.373967
15 3 72.375483
15 4 60.031831
15 5 103.185987
15 6 144.740976
15 7 69.837557
15 8 29.154241
15 9 53.021313
15 10 23.199867
15 11 27.308445
15 12 18.124834
15 13 11.500760
15 14 5.923188
15 15 7796.104089
15 16 18.750856
15 17 91.498778
15 18 42.714463
15 19 58.855860
15 20 20.630904
15 21 103.140314
15 22 37.067218
15 23 16.233209
15 24 62.378108
15 25 49.271715
15 26 89.902345
15 27 25.008968
15 28 75.244950
15 29 98.884949
16 0 78.027756
16 1 95.022746
16 2 85.080612
16 3 117.323189
16 4 132.924637
16 5 158.395166
16 6 105.932818
16 7 81.253468
16 8 61.682755
16 9 32.918189
16 10 24.522931
16 11 24.506883
16 12 16.860304
16 13 15.229309
16 14 10.560794
16 15 5.470879
16 16 23045.626374
16 17 51.516950
16 18 37.817867
16 19 42.916384
16 20 84.409418
16 21 22.198192
16 22 119.864655
16 23 59.727501
16 24 35.048332
16 25 8.539518
16 26 64.887129
16 27 53.851835
16 28 46.451636
16 29 92.113673
17 0 49.475134
17 1 48.858467
17 2 49.260141
17 3 44.442485
17 4 59.693499
17 5 126.525008
17 6 63.019172
17 7 81.706160
17 8 37.917012
17 9 27.258042
17 10 36.138478
17 11 45.941816
17 12 20.775400
17 13 17.295243
17 14 16.209369
17 15 10.472146
17 16 5.102758
17 17 7913.781132
17 18 56.145641
17 19 96.879568
17 20 48.338181
17 21 116.411435
17 22 42.186032
17 23 73.465704
17 24 38.605942
17 25 41.912025
17 26 13.147547
17 27 58.288224
17 28 35.955697
17 29 92.938267
18 0 82.649641
18 1 86.526880
18 2 80.126543
18 3 83.187307
18 4 46.141958
18 5 152.265447
18 6 68.118102
18 7 115.475580
18 8 82.552039
18 9 35.223756
18 10 34.432036
18 11 37.558465
18 12 24.528954
18 13 24.851600
18 14 19.251584
18 15 14.263526
18 16 9.107084
18 17 4.789418
18 18 8035.065134
18 19 28.589470
18 20 69.370911
18 21 69.968038
18 22 43.340332
18 23 81.074419
18 24 61.348935
18 25 43.175262
18 26 37.074426
18 27 41.661409
18 28 25.463853
18 29 84.706034
19 0 9.642344
19 1 65.671447
19 2 115.051130
19 3 29.329977
19 4 2.461429
19 5 96.107053
19 6 103.839968
19 7 70.504354
19 8 95.751621
19 9 77.231789
19 10 29.591116
19 11 40.188414
19 12 37.149953
19 13 18.949769
19 14 26.238999
19 15 19.683805
19 16 12.999225
19 17 9.311943
19 18 4.548259
19 19 25575.024390
19 20 69.017047
19 21 95.790983
19 22 102.076028
19 23 63.708366
19 24 72.800083
19 25 56.718107
19 26 52.403908
19 27 42.850616
19 28 27.082740
19 29 81.244024
20 0 44.362575
20 1 126.563186
20 2 81.836884
20 3 68.016476
20 4 57.663175
20 5 104.227026
20 6 94.042691
20 7 116.411435
20 8 79.338403
20 9 105.745865
20 10 61.347141
20 11 32.435536
20 12 27.291386
20 13 31.446274
20 14 18.353728
20 15 16.522245
20 16 12.832112
20 17 13.159096
20 18 8.246245
20 19 4.279815
20 20 8004.396947
20 21 66.965290
20 22 61.070239
20 23 66.260727
20 24 95.061511
20 25 59.109671
20 26 131.211412
20 27 84.300840
20 28 35.780250
20 29 27.505797
21 0 71.360828
21 1 101.174836
21 2 44.535921
21 3 54.610489
21 4 52.939668
21 5 103.170758
21 6 94.436529
21 7 104.097687
21 8 75.177516
21 9 94.215913
21 10 93.992112
21 11 89.316525
21 12 98.908268
21 13 39.389054
21 14 28.212175
21 15 30.277662
21 16 18.148832
21 17 14.252475
21 18 12.185447
21 19 8.316916
21 20 4.057486
21 21 6132.023392
21 22 98.402402
21 23 144.322621
21 24 82.209016
21 25 81.259764
21 26 164.212043
21 27 83.448808
21 28 90.375005
21 29 51.605689
22 0 103.318159
22 1 89.748449
22 2 124.180009
22 3 111.030919
22 4 101.199247
22 5 106.540947
22 6 102.390001
22 7 79.479724
22 8 87.519907
22 9 107.469099
22 10 58.573120
22 11 102.831813
22 12 87.516254
22 13 66.108250
22 14 103.465983
22 15 22.008102
22 16 18.790338
22 17 16.299320
22 18 15.339590
22 19 11.282290
22 20 7.676701
22 21 3.933881
22 22 26546.227848
22 23 77.058681
22 24 84.385643
22 25 88.727027
22 26 80.563636
22 27 62.640820
22 28 79.413511
22 29 89.844572
23 0 83.445488
23 1 165.299283
23 2 179.566059
23 3 108.245690
23 4 55.766420
23 5 1.596234
23 6 88.026864
23 7 63.021066
23 8 97.732874
23 9 60.205897
23 10 116.865534
23 11 74.422513
23 12 88.208286
23 13 84.297452
23 14 80.147978
23 15 89.024579
23 16 92.503727
23 17 31.400602
23 18 18.659098
23 19 14.512560
23 20 11.449149
23 21 7.732348
23 22 3.745102
23 23 24105.195402
23 24 94.080660
23 25 83.531905
23 26 75.137114
23 27 79.380446
23 28 37.809004
23 29 103.932600
24 0 54.359937
24 1 107.745171
24 2 68.322267
24 3 71.768660
24 4 77.285867
24 5 210.642025
24 6 61.532539
24 7 89.671698
24 8 64.511874
24 9 98.763869
24 10 78.621579
24 11 85.850336
24 12 85.409791
24 13 62.804025
24 14 241.496085
24 15 55.655423
24 16 123.354626
24 17 90.339967
24 18 68.151306
24 19 17.728904
24 20 11.529972
24 21 10.140722
24 22 6.885887
24 23 3.574482
24 24 7913.781132
24 25 52.279803
24 26 87.286773
24 27 44.529302
24 28 53.052163
24 29 111.871973
25 0 77.092674
25 1 212.391331
25 2 116.321038
25 3 92.683608
25 4 129.597825
25 5 46.733192
25 6 59.166370
25 7 58.010899
25 8 39.478032
25 9 75.334148
25 10 99.179570
25 11 82.263837
25 12 109.260811
25 13 61.282604
25 14 76.737239
25 15 71.150195
25 16 103.870827
25 17 82.750740
25 18 91.570693
25 19 81.598070
25 20 109.804283
25 21 11.784269
25 22 9.770191
25 23 6.948238
25 24 3.410990
25 25 8097.111969
25 26 84.922130
25 27 65.611864
25 28 40.976006
25 29 42.335917
26 0 145.655786
26 1 125.690860
26 2 131.664490
26 3 85.461999
26 4 131.318222
26 5 111.307892
26 6 86.164263
26 7 46.264108
26 8 77.081339
26 9 140.305881
26 10 71.790771
26 11 81.849660
26 12 81.121461
26 13 70.532809
26 14 109.466124
26 15 104.020237
26 16 94.211680
26 17 82.695268
26 18 81.702976
26 19 75.665753
26 20 86.555450
26 21 109.953966
26 22 75.734065
26 23 10.027167
26 24 6.497236
26 25 3.286171
26 26 6615.621451
26 27 60.618337
26 28 67.998833
26 29 163.968100
27 0 100.795540
27 1 130.047873
27 2 81.417501
27 3 120.880281
27 4 99.156123
27 5 120.311629
27 6 116.018588
27 7 65.050157
27 8 58.444166
27 9 113.660615
27 10 146.255108
27 11 4.800128
27 12 74.245982
27 13 71.825194
27 14 84.399227
27 15 85.284750
27 16 62.200498
27 17 130.274071
27 18 66.692702
27 19 103.839968
27 20 82.254158
27 21 108.807305
27 22 90.542786
27 23 103.547721
27 24 74.919691
27 25 6.403205
27 26 3.147043
27 27 8097.111969
27 28 77.437117
27 29 59.954601
28 0 250.765515
28 1 93.878508
28 2 173.979758
28 3 67.612986
28 4 113.864263
28 5 142.372845
28 6 56.946045
28 7 52.057888
28 8 57.040527
28 9 92.839524
28 10 54.628982
28 11 110.966295
28 12 101.390060
28 13 67.324302
28 14 74.245982
28 15 72.530677
28 16 66.818072
28 17 121.581077
28 18 81.725264
28 19 72.455500
28 20 82.347823
28 21 92.630389
28 22 89.366003
28 23 98.555007
28 24 75.687599
28 25 69.428325
28 26 83.124658
28 27 3.035796
28 28 8004.396947
28 29 33.838131
29 0 75.997536
29 1 222.320789
29 2 90.817253
29 3 92.609936
29 4 70.115413
29 5 84.932448
29 6 140.503283
29 7 154.225033
29 8 53.246128
29 9 76.282264
29 10 69.573433
29 11 76.951235
29 12 71.094718
29 13 90.262202
29 14 74.719493
29 15 60.967266
29 16 63.057069
29 17 93.012463
29 18 92.405904
29 19 101.640673
29 20 76.357255
29 21 87.611313
29 22 80.375287
29 23 102.751200
29 24 72.906379
29 25 80.071475
29 26 76.437965
29 27 76.756899
29 28 81.115185
29 29 7653.839416
