0 0 1226.404678
0 1 48.416299
0 2 80.200084
0 3 51.412125
0 4 49.970263
0 5 46.854309
0 6 35.821197
0 7 39.894080
0 8 52.823657
0 9 57.222625
0 10 51.895573
0 11 45.621998
0 12 49.546436
0 13 43.217080
0 14 38.536420
0 15 46.602342
0 16 80.126543
0 17 48.062337
0 18 64.627180
0 19 58.890568
0 20 62.097359
0 21 27.897676
0 22 34.243130
0 23 23.147629
0 24 32.222236
0 25 60.361857
0 26 29.634185
0 27 35.158209
0 28 71.538530
0 29 54.167579
1 0 47.943670
1 1 7358.428070
1 2 28.027049
1 3 70.847336
1 4 49.600341
1 5 29.698393
1 6 55.374736
1 7 38.174458
1 8 39.396453
1 9 45.443065
1 10 58.724014
1 11 58.306050
1 12 65.001767
1 13 24.485995
1 14 71.022487
1 15 28.734408
1 16 29.589446
1 17 28.486559
1 18 30.094741
1 19 20.687481
1 20 23.212193
1 21 29.140062
1 22 25.941688
1 23 25.801892
1 24 58.849254
1 25 54.462993
1 26 22.749138
1 27 47.193825
1 28 52.706829
1 29 52.161472
2 0 29.745149
2 1 70.746955
2 2 16912.516129
2 3 22.738285
2 4 33.181735
2 5 71.663204
2 6 71.075442
2 7 22.408343
2 8 39.090235
2 9 50.037030
2 10 44.144063
2 11 35.643422
2 12 33.157602
2 13 31.477898
2 14 25.527083
2 15 30.239243
2 16 40.161477
2 17 38.605942
2 18 41.684596
2 19 23.362952
2 20 25.945218
2 21 30.004750
2 22 27.665088
2 23 27.639565
2 24 19.623760
2 25 56.067586
2 26 28.217489
2 27 52.476028
2 28 51.520747
2 29 72.410469
3 0 20.140329
3 1 48.714332
3 2 43.091869
3 3 16513.007874
3 4 21.858540
3 5 42.155504
3 6 33.337339
3 7 59.821205
3 8 35.088208
3 9 26.880016
3 10 32.736287
3 11 45.252832
3 12 43.373498
3 13 48.086582
3 14 17.422258
3 15 36.112341
3 16 26.067769
3 17 24.919816
3 18 40.032680
3 19 58.186338
3 20 28.149313
3 21 22.304196
3 22 0.499519
3 23 69.396161
3 24 47.059330
3 25 48.074456
3 26 36.784396
3 27 42.436148
3 28 40.511368
3 29 35.749753
4 0 13.662851
4 1 67.029501
4 2 26.567415
4 3 45.136929
4 4 9532.509091
4 5 19.015750
4 6 42.327373
4 7 51.237527
4 8 61.252176
4 9 25.008073
4 10 26.566068
4 11 35.488408
4 12 29.603648
4 13 41.203843
4 14 22.214181
4 15 79.992066
4 16 19.934715
4 17 40.223872
4 18 31.322281
4 19 26.190501
4 20 34.839306
4 21 28.854595
4 22 0.503316
4 23 37.438446
4 24 41.519541
4 25 54.714498
4 26 33.777635
4 27 50.243220
4 28 29.797980
4 29 33.762408
5 0 11.229429
5 1 34.937394
5 2 47.672297
5 3 40.956000
5 4 32.152580
5 5 28339.891892
5 6 25.390479
5 7 23.873866
5 8 34.995111
5 9 32.744976
5 10 37.217860
5 11 23.694491
5 12 25.830494
5 13 26.899324
5 14 27.992632
5 15 48.723386
5 16 26.880016
5 17 31.640319
5 18 38.297151
5 19 23.755686
5 20 23.769149
5 21 40.863428
5 22 0.512767
5 23 24.385772
5 24 41.499001
5 25 45.871473
5 26 47.656047
5 27 25.333124
5 28 56.963060
5 29 39.983070
6 0 8.442607
6 1 71.184006
6 2 58.592758
6 3 29.937075
6 4 29.262450
6 5 59.992333
6 6 16008.793893
6 7 14.349312
6 8 33.390418
6 9 32.111225
6 10 39.791135
6 11 18.718722
6 12 28.896342
6 13 25.702597
6 14 25.372662
6 15 33.408504
6 16 33.809763
6 17 33.701641
6 18 44.377595
6 19 30.417312
6 20 19.260955
6 21 47.118540
6 22 0.513542
6 23 28.267314
6 24 41.482583
6 25 44.447195
6 26 47.258698
6 27 14.024302
6 28 72.848131
6 29 39.107730
7 0 6.873452
7 1 38.323045
7 2 32.750090
7 3 73.033328
7 4 28.474182
7 5 37.718561
7 6 31.960985
7 7 16008.793893
7 8 17.011015
7 9 34.290722
7 10 24.078902
7 11 15.618917
7 12 21.749951
7 13 73.463131
7 14 24.591370
7 15 30.097332
7 16 20.193855
7 17 23.339291
7 18 55.196926
7 19 61.077353
7 20 46.032574
7 21 32.114667
7 22 0.514862
7 23 42.548937
7 24 32.919739
7 25 37.460515
7 26 39.829677
7 27 15.563396
7 28 71.234783
7 29 34.014857
8 0 6.037489
8 1 44.778409
8 2 36.433557
8 3 48.240333
8 4 49.341270
8 5 19.801826
8 6 35.535915
8 7 33.872016
8 8 9619.963303
8 9 15.732101
8 10 36.435456
8 11 15.731747
8 12 18.217570
8 13 35.965563
8 14 24.892012
8 15 44.213864
8 16 23.203974
8 17 20.225795
8 18 47.508144
8 19 56.748803
8 20 37.425752
8 21 49.079148
8 22 0.520185
8 23 24.249298
8 24 21.704930
8 25 35.484205
8 26 34.206267
8 27 39.999084
8 28 34.552872
8 29 34.362641
9 0 5.606729
9 1 30.226168
9 2 31.498701
9 3 35.362741
9 4 40.657451
9 5 25.065761
9 6 35.086447
9 7 38.700696
9 8 40.364777
9 9 29127.111111
9 10 15.966744
9 11 13.374864
9 12 17.798569
9 13 23.481190
9 14 40.876172
9 15 67.212102
9 16 18.290339
9 17 29.673600
9 18 51.213754
9 19 39.634714
9 20 45.524942
9 21 59.216490
9 22 0.519607
9 23 21.167745
9 24 31.189518
9 25 37.383055
9 26 27.220186
9 27 24.608683
9 28 44.431186
9 29 37.759988
10 0 4.986333
10 1 29.501203
10 2 46.802026
10 3 21.228169
10 4 34.749250
10 5 30.639511
10 6 40.054854
10 7 27.163422
10 8 29.463486
10 9 61.018709
10 10 27594.105263
10 11 8.819122
10 12 22.109729
10 13 2.291466
10 14 47.363296
10 15 56.643042
10 16 69.391569
10 17 43.571752
10 18 53.437432
10 19 36.112341
10 20 36.568240
10 21 74.219706
10 22 0.632632
10 23 26.360371
10 24 30.291657
10 25 37.696865
10 26 23.198841
10 27 23.551333
10 28 37.457169
10 29 58.192796
11 0 4.439140
11 1 41.670515
11 2 25.091553
11 3 24.401945
11 4 25.991201
11 5 24.674699
11 6 25.238612
11 7 25.381260
11 8 29.544010
11 9 29.693767
11 10 26.147723
11 11 6492.730650
11 12 16.577884
11 13 2.216687
11 14 60.273380
11 15 40.494159
11 16 36.139723
11 17 56.195289
11 18 32.599400
11 19 46.515515
11 20 27.722871
11 21 35.299647
11 22 0.647839
11 23 34.268869
11 24 34.094489
11 25 30.905918
11 26 21.282241
11 27 25.874793
11 28 36.186493
11 29 32.901147
12 0 4.169910
12 1 44.423657
12 2 18.297840
12 3 22.830617
12 4 22.397574
12 5 25.425572
12 6 30.542679
12 7 17.278713
12 8 25.254416
12 9 32.234122
12 10 29.414309
12 11 69.028406
12 12 7256.581315
12 13 2.144568
12 14 69.935372
12 15 26.576842
12 16 44.446253
12 17 25.753098
12 18 45.706514
12 19 31.921579
12 20 29.015884
12 21 43.690667
12 22 0.652218
12 23 43.243814
12 24 30.933270
12 25 39.347668
12 26 17.664095
12 27 37.432432
12 28 26.286359
12 29 40.080882
13 0 3.707312
13 1 32.031770
13 2 19.774752
13 3 60.205897
13 4 18.900242
13 5 18.699027
13 6 22.893173
13 7 29.366941
13 8 20.852867
13 9 2.174970
13 10 52.122580
13 11 51.266336
13 12 62.672644
13 13 26886.564103
13 14 25.025979
13 15 26.929029
13 16 29.560668
13 17 31.513847
13 18 40.930421
13 19 42.586955
13 20 32.816199
13 21 33.773283
13 22 0.649155
13 23 73.227138
13 24 21.539517
13 25 40.947204
13 26 17.683011
13 27 33.602820
13 28 49.815953
13 29 31.316668
14 0 3.391787
14 1 32.635419
14 2 14.177897
14 3 29.909323
14 4 24.915967
14 5 26.852482
14 6 18.114344
14 7 26.243268
14 8 24.530676
14 9 22.339121
14 10 2.418174
14 11 41.756805
14 12 64.345606
14 13 39.955646
14 14 6721.641026
14 15 15.712888
14 16 22.566522
14 17 31.201119
14 18 45.010989
14 19 47.391124
14 20 38.340561
14 21 48.792536
14 22 0.648747
14 23 31.963908
14 24 25.612506
14 25 36.420270
14 26 19.757426
14 27 35.485406
14 28 45.208933
14 29 49.833710
15 0 3.204410
15 1 28.342956
15 2 11.933129
15 3 59.184738
15 4 32.457624
15 5 15.578425
15 6 22.852012
15 7 21.297370
15 8 32.222731
15 9 43.124656
15 10 2.389759
15 11 28.082219
15 12 34.658514
15 13 49.435482
15 14 32.412977
15 15 15534.459259
15 16 14.371437
15 17 43.882653
15 18 34.567680
15 19 49.457633
15 20 28.328025
15 21 57.914777
15 22 0.647445
15 23 37.127591
15 24 17.864066
15 25 50.322791
15 26 19.765992
15 27 52.397362
15 28 44.471701
15 29 52.191329
17 0 2.898961
17 1 13.237089
17 2 17.148446
17 3 17.846280
17 4 34.532958
17 5 27.164829
17 6 21.624359
17 7 14.001269
17 8 26.030882
17 9 31.612656
17 10 2.727641
17 11 22.316538
17 12 28.303174
17 13 52.831641
17 14 22.830369
17 15 45.989167
17 16 63.231985
17 17 9532.509091
17 18 17.835352
17 19 34.201804
17 20 60.653401
17 21 40.713493
17 22 0.625966
17 23 25.264456
17 24 58.220260
17 25 40.606281
17 26 50.112356
17 27 21.383582
17 28 29.412247
17 29 27.949729
18 0 2.759788
18 1 10.579334
18 2 20.059994
18 3 18.339764
18 4 39.648202
18 5 20.173264
18 6 29.713541
18 7 13.611065
18 8 32.447580
18 9 32.446074
18 10 2.688867
18 11 22.523139
18 12 22.085513
18 13 44.211068
18 14 26.757579
18 15 47.519985
18 16 57.242930
18 17 35.320455
18 18 7206.707904
18 19 22.003483
18 20 60.606075
18 21 30.485405
18 22 0.637610
18 23 13.925497
18 24 37.187502
18 25 40.501197
18 26 27.859134
18 27 43.915735
18 28 43.283084
18 29 24.152390
19 0 2.625832
19 1 7.653839
19 2 29.301291
19 3 35.792463
19 4 19.478855
19 5 20.721003
19 6 38.916142
19 7 17.705255
19 8 21.979730
19 9 72.181180
19 10 2.658611
19 11 18.397523
19 12 22.872699
19 13 84.617172
19 14 22.433272
19 15 45.638876
19 16 32.194535
19 17 53.096488
19 18 67.906356
19 19 28339.891892
19 20 24.339074
19 21 34.791333
19 22 0.633606
19 23 14.580972
19 24 20.186468
19 25 47.885649
19 26 24.219892
19 27 46.152113
19 28 38.097480
19 29 40.333724
20 0 2.485885
20 1 6.766840
20 2 30.476102
20 3 32.607003
20 4 27.547709
20 5 15.496350
20 6 24.978287
20 7 26.727910
20 8 30.637721
20 9 36.605900
20 10 2.630915
20 11 20.896918
20 12 25.206154
20 13 48.480096
20 14 29.629161
20 15 36.862632
20 16 49.802940
20 17 65.863258
20 18 36.691721
20 19 49.669651
20 20 9078.580087
20 21 24.780243
20 22 0.628677
20 23 15.034210
20 24 29.412247
20 25 15.911986
20 26 48.790266
20 27 36.512213
20 28 41.120627
20 29 36.785687
21 0 2.312851
21 1 6.564966
21 2 34.356449
21 3 20.050404
21 4 39.402375
21 5 20.192688
21 6 25.364990
21 7 33.260674
21 8 28.510958
21 9 53.527451
21 10 2.655073
21 11 14.240378
21 12 29.036372
21 13 44.929985
21 14 38.527925
21 15 41.906163
21 16 49.477469
21 17 34.225805
21 18 50.779728
21 19 60.043863
21 20 50.957405
21 21 26886.564103
21 22 0.620026
21 23 15.678234
21 24 20.037569
21 25 26.942868
21 26 28.744648
21 27 41.508857
21 28 50.035836
21 29 36.943154
22 0 2.157548
22 1 6.260566
22 2 33.647568
22 3 0.497550
22 4 51.711306
22 5 53.150316
22 6 44.138488
22 7 31.412360
22 8 62.937847
22 9 46.955019
22 10 39.056019
22 11 26.680305
22 12 40.538777
22 13 37.379723
22 14 34.340134
22 15 35.187114
22 16 25.625651
22 17 31.533749
22 18 41.717764
22 19 47.414696
22 20 29.784014
22 21 43.559082
22 22 9664.294931
22 23 11.372102
22 24 16.186225
22 25 34.753857
22 26 34.576229
22 27 46.349998
22 28 39.448328
22 29 33.293412
23 0 1.957699
23 1 6.715958
23 2 32.487290
23 3 0.503840
23 4 28.507857
23 5 42.609452
23 6 37.769509
23 7 63.555838
23 8 27.954945
23 9 44.184055
23 10 44.495290
23 11 43.688846
23 12 41.207891
23 13 43.875309
23 14 26.345800
23 15 27.866537
23 16 26.433134
23 17 14.689847
23 18 37.651520
23 19 67.895364
23 20 30.685688
23 21 54.713071
23 22 46.079100
23 23 27962.026667
23 24 11.849722
23 25 32.126967
23 26 24.601466
23 27 40.315116
23 28 53.660304
23 29 41.215990
24 0 1.870687
24 1 6.641096
24 2 17.687783
24 3 0.511521
24 4 35.157030
24 5 36.025493
24 6 34.336199
24 7 35.514250
24 8 25.595626
24 9 51.941845
24 10 56.160677
24 11 39.397193
24 12 37.155877
24 13 28.929028
24 14 28.233824
24 15 25.691891
24 16 58.187953
24 17 19.193967
24 18 23.970191
24 19 28.700588
24 20 54.261482
24 21 25.974783
24 22 28.078459
24 23 39.380178
24 24 9532.509091
24 25 19.783706
24 26 32.099429
24 27 35.942140
24 28 56.517868
24 29 31.942486
25 0 1.793126
25 1 7.301705
25 2 14.507440
25 3 0.512988
25 4 30.441154
25 5 31.363034
25 6 32.931629
25 7 34.656795
25 8 25.775888
25 9 43.519309
25 10 68.418113
25 11 33.582910
25 12 37.375060
25 13 37.578655
25 14 28.138360
25 15 28.290956
25 16 26.412494
25 17 22.887426
25 18 27.889143
25 19 23.994325
25 20 26.191810
25 21 38.355287
25 22 42.671007
25 23 45.548673
25 24 32.173790
25 25 5592.405333
25 26 21.866517
25 27 30.585442
25 28 46.361269
25 29 51.070329
26 0 1.705070
26 1 6.576721
26 2 19.304393
26 3 0.510212
26 4 41.731877
26 5 36.694289
26 6 34.526704
26 7 37.001817
26 8 18.333351
26 9 46.871064
26 10 39.254867
26 11 41.128692
26 12 27.333359
26 13 31.744248
26 14 28.833966
26 15 32.234618
26 16 58.831094
26 17 36.253427
26 18 19.526555
26 19 15.399401
26 20 57.028118
26 21 40.059445
26 22 32.051352
26 23 40.767311
26 24 60.739479
26 25 46.762370
26 26 9576.036530
26 27 20.227746
26 28 42.787669
26 29 51.657807
27 0 1.621922
27 1 6.988084
27 2 16.491711
27 3 0.512103
27 4 53.366720
27 5 12.859415
27 6 35.845688
27 7 43.912057
27 8 57.407462
27 9 37.657605
27 10 27.834360
27 11 42.649313
27 12 38.582504
27 13 31.610750
27 14 41.297153
27 15 29.808144
27 16 35.714441
27 17 25.683710
27 18 36.625079
27 19 18.436339
27 20 28.198139
27 21 46.960276
27 22 54.080974
27 23 29.740931
27 24 44.184055
27 25 47.730887
27 26 44.057815
27 27 9489.375566
27 28 25.097859
27 29 47.766764
28 0 1.593767
28 1 6.565767
28 2 21.387507
28 3 0.508727
28 4 32.178727
28 5 30.939203
28 6 16.861524
28 7 48.776648
28 8 35.501625
28 9 28.181088
28 10 38.555549
28 11 43.089213
28 12 45.782348
29 0 1.544959
29 1 6.683234
29 2 18.164080
29 3 0.507969
29 4 26.104435
29 5 41.375370
29 6 19.239750
29 7 40.505109
29 8 27.269384
29 9 33.785253
29 10 40.118453
29 11 28.836741
29 12 46.883638
29 13 46.136883
29 14 42.562754
29 15 32.915089
29 16 18.329665
29 17 23.413815
29 18 40.437940
29 19 33.875846
29 20 24.786101
29 21 54.594851
29 22 38.932759
29 23 37.347105
29 24 39.713523
29 25 67.207794
29 26 46.557855
29 27 54.012723
29 28 62.150728
29 29 9404.269058
28 13 36.639796
28 14 31.527113
28 15 39.800953
28 16 21.801957
28 17 23.595585
28 18 63.526960
28 19 19.715634
28 20 26.362690
28 21 54.366983
28 22 48.268091
28 23 30.040423
28 24 54.269907
28 25 35.057120
28 26 55.865953
28 27 55.974804
28 28 6921.293729
28 29 26.949446
16 0 2.997023
16 1 20.932168
16 2 14.026647
16 3 21.345276
16 4 34.245926
16 5 21.009337
16 6 24.397687
16 7 18.827281
16 8 32.574588
16 9 20.741907
16 10 2.574450
16 11 29.286969
16 12 34.359263
16 13 28.989411
16 14 31.056036
16 15 48.264758
16 16 9576.036530
16 17 20.690951
16 18 28.491590
16 19 38.073273
16 20 67.186263
16 21 42.230205
16 22 0.640649
16 23 26.970935
16 24 33.007822
16 25 32.908375
16 26 26.898289
16 27 32.286229
16 28 25.570347
16 29 2.888862
