0 0 3905.310987
0 1 63.349932
0 2 60.045582
0 3 52.685973
0 4 59.655293
0 5 54.949973
0 6 48.144262
0 7 87.025074
0 8 52.312079
0 9 128.703059
0 10 138.229707
0 11 9.874562
0 12 57.185957
0 13 129.804379
0 14 76.255913
0 15 34.001346
0 16 110.099723
0 17 96.369827
0 18 47.667962
0 19 35.661757
0 20 92.937238
0 21 43.319070
0 22 89.910054
0 23 76.062311
0 24 154.697156
0 25 91.367229
0 26 131.000359
0 27 130.533549
0 28 172.590898
0 29 172.953858
1 0 120.178909
1 1 23109.112948
1 2 168.233119
1 3 43.066207
1 4 45.143488
1 5 82.869274
1 6 65.364418
1 7 44.774107
1 8 50.558453
1 9 136.010896
1 10 93.143625
1 11 94.756552
1 12 143.783346
1 13 80.649611
1 14 77.731315
1 15 100.695116
1 16 126.389658
1 17 117.647336
1 18 52.342435
1 19 102.719745
1 20 46.650806
1 21 100.690281
1 22 38.017884
1 23 52.868267
1 24 161.179902
1 25 71.564773
1 26 157.302130
1 27 118.999163
1 28 123.970798
1 29 113.949332
2 0 148.578756
2 1 51.136641
2 2 8042.768936
2 3 34.670976
2 4 23.399969
2 5 27.998144
2 6 50.989308
2 7 155.991669
2 8 147.981160
2 9 71.847955
2 10 64.295794
2 11 65.874120
2 12 62.588007
2 13 9.722225
2 14 39.591690
2 15 59.565067
2 16 47.524293
2 17 39.270119
2 18 129.673953
2 19 42.435075
2 20 31.406480
2 21 37.079507
2 22 35.109502
2 23 71.650962
2 24 153.995704
2 25 90.734738
2 26 132.129032
2 27 51.618391
2 28 125.951293
2 29 85.302962
3 0 137.875284
3 1 129.445837
3 2 34.966520
3 3 27060.025806
3 4 16.293811
3 5 78.982082
3 6 98.402402
3 7 48.392000
3 8 47.979592
3 9 83.325301
3 10 9.182037
3 11 65.234799
3 12 85.384579
3 13 162.114369
3 14 154.728544
3 15 102.606666
3 16 51.287336
3 17 80.560541
3 18 40.500024
3 19 10.665148
3 20 53.155367
3 21 143.886930
3 22 172.010499
3 23 77.164298
3 24 69.168423
3 25 61.927284
3 26 138.220596
3 27 72.447991
3 28 127.387709
3 29 115.426323
4 0 81.876024
4 1 116.911138
4 2 44.452141
4 3 26.033467
4 4 4848.906358
4 5 112.319850
4 6 62.092303
4 7 166.741696
4 8 82.389880
4 9 106.037265
4 10 41.362517
4 11 45.663720
4 12 79.568683
4 13 60.791420
4 14 81.352755
4 15 9.791563
4 16 86.141258
4 17 137.187564
4 18 53.094136
4 19 46.543647
4 20 53.684343
4 21 38.995379
4 22 78.579600
4 23 111.270981
4 24 56.545298
4 25 69.046019
4 26 61.137447
4 27 47.889476
4 28 61.248151
4 29 116.367833
5 0 133.038475
5 1 64.424674
5 2 63.262027
5 3 42.883255
5 4 20.928407
5 5 6765.006452
5 6 55.519134
5 7 38.036501
5 8 94.522722
5 9 105.457389
5 10 98.423184
5 11 61.947406
5 12 72.805138
5 13 64.616726
5 14 105.677925
5 15 65.546754
5 16 68.838641
5 17 121.436753
5 18 51.680403
5 19 90.068373
5 20 48.268368
5 21 146.158274
5 22 42.214479
5 23 58.476759
5 24 50.252249
5 25 81.983249
5 26 54.370507
5 27 85.183424
5 28 63.582815
5 29 106.293896
6 0 163.227895
6 1 145.633027
6 2 125.407125
6 3 53.935973
6 4 25.162377
6 5 17.072467
6 6 7503.227191
6 7 47.859149
6 8 50.463863
6 9 50.046881
6 10 56.464228
6 11 120.930817
6 12 86.586720
6 13 50.145308
6 14 122.071159
6 15 81.518775
6 16 75.359188
6 17 10.370787
6 18 42.551095
6 19 141.560768
6 20 95.513948
6 21 51.939916
6 22 86.088217
6 23 41.479507
6 24 146.587355
6 25 79.480477
6 26 42.828301
6 27 69.693663
6 28 91.777073
6 29 136.389042
7 0 52.308817
7 1 130.928797
7 2 152.542333
7 3 94.840113
7 4 44.706101
7 5 21.986586
7 6 14.563985
7 7 3706.852850
7 8 18.408787
7 9 115.799175
7 10 44.364452
7 11 30.079309
7 12 91.462864
7 13 124.524724
7 14 52.495404
7 15 75.297632
7 16 45.214294
7 17 78.286264
7 18 144.818438
7 19 58.633303
7 20 43.344587
7 21 76.197729
7 22 43.983662
7 23 10.790053
7 24 46.779842
7 25 54.641081
7 26 54.029074
7 27 70.426812
7 28 74.444969
7 29 160.335786
8 0 44.670629
8 1 106.846276
8 2 104.332027
8 3 153.888353
8 4 30.679965
8 5 33.120553
8 6 19.861322
8 7 12.936299
8 8 7989.150476
8 9 50.691048
8 10 84.300840
8 11 34.080637
8 12 55.835089
8 13 14.065594
8 14 67.141629
8 15 76.028531
8 16 114.929757
8 17 38.708375
8 18 124.156116
8 19 9.728911
8 20 42.415120
8 21 38.034259
8 22 39.401450
8 23 50.162700
8 24 79.435319
8 25 47.226771
8 26 64.732408
8 27 60.402278
8 28 55.712346
8 29 126.486852
9 0 123.157224
9 1 144.883469
9 2 65.119338
9 3 167.123720
9 4 98.187019
9 5 32.100412
9 6 35.272929
9 7 16.934846
9 8 11.559922
9 9 25890.765432
9 10 125.287253
9 11 59.108421
9 12 22.317072
9 13 85.372414
9 14 28.736376
9 15 72.071413
9 16 118.191025
9 17 92.124801
9 18 97.396991
9 19 106.855804
9 20 67.027359
9 21 79.324148
9 22 104.904807
9 23 145.244706
9 24 35.467852
9 25 114.723851
9 26 49.755971
9 27 81.040740
9 28 147.741383
9 29 50.753306
10 0 183.449778
10 1 52.572059
10 2 95.995972
10 3 78.674670
10 4 84.063454
10 5 45.431251
10 6 57.283193
10 7 30.105001
10 8 15.135226
10 9 10.384691
10 10 4481.094017
10 11 54.501563
10 12 15.912620
10 13 97.910827
10 14 88.740167
10 15 37.793673
10 16 24.838576
10 17 94.469498
10 18 96.787908
10 19 83.615167
10 20 54.820695
10 21 9.773025
10 22 59.521957
10 23 123.545384
10 24 42.475685
10 25 52.711796
10 26 56.038372
10 27 59.466682
10 28 77.898780
10 29 63.572215
11 0 88.634215
11 1 78.375499
11 2 59.644689
11 3 93.404982
11 4 71.585537
11 5 61.226246
11 6 61.311270
11 7 50.132122
11 8 22.998618
11 9 14.477145
11 10 9.448344
11 11 4473.924267
11 12 19.569557
11 13 123.558122
11 14 86.028182
11 15 138.025010
11 16 52.168285
11 17 23.168982
11 18 68.039646
11 19 45.363444
11 20 77.270917
11 21 68.380746
11 22 61.691374
11 23 132.947811
11 24 90.371111
11 25 181.340020
11 26 41.558829
11 27 10.745919
11 28 95.195279
11 29 43.983662
12 0 59.646385
12 1 129.027717
12 2 63.192449
12 3 103.056684
12 4 89.860933
12 5 70.689723
12 6 57.188686
12 7 48.546590
12 8 22.829499
12 9 26.157018
12 10 13.281036
12 11 8.630770
12 12 11949.584046
12 13 49.824534
12 14 66.161432
12 15 80.177088
12 16 21.243597
12 17 84.930728
12 18 71.095321
12 19 14.046729
12 20 78.114220
12 21 34.931283
12 22 117.079206
12 23 84.428958
12 24 74.386876
12 25 70.372457
12 26 49.111330
12 27 63.784420
12 28 120.678559
12 29 113.765433
13 0 123.325610
13 1 58.839760
13 2 115.510562
13 3 128.274023
13 4 64.986156
13 5 60.742558
13 6 75.473094
13 7 45.189937
13 8 40.871990
13 9 24.456797
13 10 23.646401
13 11 12.586342
13 12 7.965883
13 13 3768.467206
13 14 50.906381
13 15 94.173605
13 16 92.831305
13 17 20.012425
13 18 52.418644
13 19 39.480447
13 20 13.367533
13 21 34.448438
13 22 97.425270
13 23 106.179535
13 24 94.391898
13 25 97.046565
13 26 84.970301
13 27 41.108335
13 28 72.003365
13 29 140.731927
14 0 146.211772
14 1 11.213442
14 2 112.559483
14 3 133.110251
14 4 78.722661
14 5 73.043502
14 6 147.738781
14 7 28.248751
14 8 38.946316
14 9 49.945271
14 10 36.641556
14 11 18.528124
14 12 11.754397
14 13 7.390225
14 14 10578.320303
14 15 32.001587
14 16 44.233914
14 17 89.549169
14 18 31.255758
14 19 76.405243
14 20 48.694255
14 21 79.243220
14 22 7.984276
14 23 106.915728
14 24 91.824290
14 25 112.235694
14 26 47.155357
14 27 144.320138
14 28 86.082033
14 29 64.484599
15 0 123.855483
15 1 160.522944
15 2 113.318222
15 3 137.183077
15 4 61.326510
15 5 59.279678
15 6 94.182063
15 7 59.915633
15 8 38.465032
15 9 46.375366
15 10 29.391842
15 11 33.319463
15 12 19.547486
15 13 11.174887
15 14 6.885927
15 15 4396.545073
15 16 19.032576
15 17 71.981122
15 18 44.046248
15 19 40.721596
15 20 37.249426
15 21 101.371681
15 22 44.143831
15 23 15.436466
15 24 95.519386
15 25 113.534472
15 26 49.220255
15 27 99.375783
15 28 50.459614
15 29 64.923286
16 0 104.443742
16 1 109.653573
16 2 76.738643
16 3 11.041826
16 4 102.368760
16 5 79.363924
16 6 85.615513
16 7 41.975361
16 8 31.236555
16 9 39.913062
16 10 37.628044
16 11 35.180031
16 12 19.403521
16 13 19.148532
16 14 10.568724
16 15 6.446636
16 16 21564.544987
16 17 100.516542
16 18 42.082544
16 19 25.656609
16 20 69.789333
16 21 18.885350
16 22 39.342501
16 23 55.245273
16 24 57.002154
16 25 18.004666
16 26 49.956872
16 27 106.503072
16 28 43.321979
16 29 83.933083
17 0 168.801851
17 1 60.240485
17 2 95.811771
17 3 46.015403
17 4 122.429259
17 5 124.469293
17 6 101.924716
17 7 84.786513
17 8 44.635213
17 9 46.798110
17 10 36.610054
17 11 35.133176
17 12 29.892590
17 13 19.939549
17 14 15.881409
17 15 10.101669
17 16 6.052614
17 17 7825.194030
17 18 97.442245
17 19 46.180569
17 20 97.365337
17 21 116.920915
17 22 23.066602
17 23 39.290168
17 24 40.612965
17 25 56.069085
17 26 1.974018
17 27 115.601295
17 28 90.983720
17 29 97.515874
18 0 132.047917
18 1 98.358558
18 2 94.405708
18 3 28.843285
18 4 100.971461
18 5 55.875256
18 6 124.750651
18 7 135.637034
18 8 130.268002
18 9 36.815392
18 10 31.638529
18 11 32.208008
18 12 28.834263
18 13 23.403821
18 14 25.081050
18 15 14.808957
18 16 9.457473
18 17 5.660268
18 18 7530.168761
18 19 68.831298
18 20 88.700757
18 21 39.633965
18 22 37.199871
18 23 79.474453
18 24 64.169392
18 25 36.316679
18 26 37.465032
18 27 37.176790
18 28 2.227233
18 29 106.174160
19 0 26.901739
19 1 110.524757
19 2 80.015720
19 3 31.381102
19 4 73.974920
19 5 62.713407
19 6 91.804192
19 7 114.192867
19 8 60.039565
19 9 172.964556
19 10 28.096892
19 11 33.947270
19 12 39.010794
19 13 24.470067
19 14 32.581800
19 15 24.828063
19 16 15.740367
19 17 9.018845
19 18 5.338968
19 19 8012.042025
19 20 112.688008
19 21 47.847956
19 22 38.406564
19 23 101.143119
19 24 117.558305
19 25 51.001088
19 26 7.966132
19 27 31.172712
19 28 38.629054
19 29 2.450631
20 0 73.295599
20 1 95.616286
20 2 68.539979
20 3 82.324386
20 4 71.422801
20 5 51.071573
20 6 97.385683
20 7 116.246889
20 8 62.432426
20 9 82.326810
20 10 115.880757
20 11 32.796056
20 12 38.354234
20 13 7.553671
20 14 26.354077
20 15 22.409899
20 16 15.907611
20 17 13.469552
20 18 8.482818
20 19 5.071434
20 20 7839.820561
20 21 62.424992
20 22 54.232365
20 23 28.337499
20 24 89.193068
20 25 46.205243
20 26 3.602749
20 27 61.058681
20 28 8.808935
20 29 7.839784
21 0 40.611392
21 1 69.703507
21 2 78.381357
21 3 83.212062
21 4 54.110277
21 5 61.815481
21 6 97.396991
21 7 63.652773
21 8 8.256569
21 9 89.621880
21 10 100.299010
21 11 97.145464
21 12 105.749864
21 13 26.031286
21 14 21.511071
21 15 27.191422
21 16 23.261692
21 17 16.371881
21 18 12.213176
21 19 8.081075
21 20 4.834921
21 21 23763.762040
21 22 104.912679
21 23 64.747897
21 24 71.176758
21 25 42.897510
21 26 167.357114
21 27 8.442989
21 28 84.945348
21 29 56.967702
22 0 79.641204
22 1 53.642118
22 2 37.489980
22 3 163.192965
22 4 63.449599
22 5 87.614973
22 6 67.931652
22 7 101.830683
22 8 66.828718
22 9 116.342011
22 10 101.187040
22 11 105.600765
22 12 97.754513
22 13 100.743488
22 14 97.696450
22 15 21.435656
22 16 22.769700
22 17 20.705302
22 18 18.668607
22 19 12.873604
22 20 7.588657
22 21 4.620051
22 22 12885.726575
22 23 90.636702
22 24 95.456343
22 25 43.909528
22 26 132.231088
22 27 61.495099
22 28 88.461298
22 29 111.888386
23 0 121.996597
23 1 180.125142
23 2 58.485320
23 3 59.387114
23 4 95.507423
23 5 2.961391
23 6 84.937608
23 7 52.991838
23 8 110.667652
23 9 101.483281
23 10 100.428695
23 11 107.626286
23 12 96.058630
23 13 99.292268
23 14 101.604971
23 15 38.153969
23 16 95.481333
23 17 26.388399
23 18 19.041303
23 19 20.035272
23 20 11.697015
23 21 7.343657
23 22 4.428845
23 23 12104.773449
23 24 102.467545
23 25 101.807202
23 26 95.455257
23 27 105.747198
23 28 112.910975
23 29 30.756230
24 0 164.524447
24 1 155.310079
24 2 121.438511
24 3 39.858822
24 4 67.548197
24 5 59.535475
24 6 124.904824
24 7 99.187779
24 8 67.573227
24 9 110.206761
24 10 93.226437
24 11 99.247628
24 12 113.706834
24 13 101.987915
24 14 88.737351
24 15 84.893769
24 16 103.738521
24 17 75.355803
24 18 122.602827
24 19 24.761445
24 20 13.766034
24 21 9.990886
24 22 6.840065
24 23 4.215495
24 24 7810.621974
24 25 27.649586
24 26 39.288144
24 27 31.144704
24 28 54.421300
24 29 40.407358
25 0 135.744583
25 1 72.471775
25 2 53.801753
25 3 134.389747
25 4 78.200147
25 5 82.709129
25 6 101.205352
25 7 62.173760
25 8 39.660011
25 9 65.579036
25 10 48.057931
25 11 126.957775
25 12 56.470309
25 13 127.525205
25 14 95.724305
25 15 106.129831
25 16 110.347382
25 17 100.168464
25 18 104.949431
25 19 101.185820
25 20 101.683795
25 21 14.535570
25 22 10.922354
25 23 6.865733
25 24 4.061212
25 25 3794.033469
25 26 51.210940
25 27 128.986054
25 28 66.626488
25 29 53.656185
26 0 115.872754
26 1 136.800522
26 2 119.252918
26 3 107.561425
26 4 68.500800
26 5 44.013894
26 6 44.015972
26 7 100.386630
26 8 86.732645
26 9 10.165471
26 10 95.895012
26 11 99.686370
26 12 101.463641
26 13 101.246883
26 14 93.205720
26 15 96.143402
26 16 102.383753
26 17 96.802428
26 18 96.846014
26 19 95.019517
26 20 86.618012
26 21 107.634572
26 22 108.019882
26 23 10.003897
26 24 6.495782
26 25 3.900080
26 26 11983.725714
26 27 40.302719
26 28 102.543952
26 29 45.439373
27 0 84.885179
27 1 136.329195
27 2 48.354064
27 3 74.947805
27 4 56.036500
27 5 48.338181
27 6 66.611146
27 7 58.488583
27 8 52.839628
27 9 84.950510
27 10 147.668562
27 11 5.322680
27 12 86.707543
27 13 53.130454
27 14 134.964894
27 15 97.192738
27 16 108.673395
27 17 97.024115
27 18 100.094360
27 19 62.585205
27 20 131.643828
27 21 95.319675
27 22 108.610078
27 23 105.399088
27 24 98.011497
27 25 6.498520
27 26 3.761563
27 27 4699.500280
27 28 107.426435
27 29 98.120408
28 0 157.290332
28 1 125.098545
28 2 146.148089
28 3 91.926928
28 4 56.838394
28 5 149.919720
28 6 9.746704
28 7 93.384186
28 8 44.195695
28 9 158.709829
28 10 129.806388
28 11 130.818539
28 12 144.720999
28 13 105.796544
28 14 95.485680
28 15 97.619141
28 16 96.635156
28 17 118.327733
28 18 92.798442
28 19 97.022993
28 20 55.006905
28 21 117.931816
28 22 75.910196
28 23 107.084967
28 24 100.367413
28 25 104.177840
28 26 96.912025
28 27 3.626777
28 28 6283.601498
28 29 34.023549
29 0 133.466047
29 1 116.735430
29 2 90.363323
29 3 99.838233
29 4 112.633538
29 5 82.233999
29 6 117.852288
29 7 143.150307
29 8 96.772276
29 9 66.020841
29 10 68.317260
29 11 55.273302
29 12 145.648199
29 13 129.768235
29 14 71.205759
29 15 115.914383
29 16 97.600968
29 17 93.732700
29 18 115.485118
29 19 68.647108
29 20 60.341016
29 21 60.602572
29 22 94.524852
29 23 88.886854
29 24 89.634330
29 25 117.333035
29 26 82.986506
29 27 115.599702
29 28 79.035661
29 29 4502.741814
