65536,2,69.750950,162.303909,8
65536,2,75.611191,176.868241,8
65536,2,77.253736,158.833896,8
65536,2,72.878510,175.969313,8
65536,2,87.502170,176.817113,8
65536,2,70.038473,176.493989,8
65536,2,71.367766,169.390566,8
65536,2,31.659357,174.762667,8
65536,2,76.401366,166.727967,8
65536,2,79.095172,155.932019,8
262144,2,160.669644,173.269251,8
262144,2,156.220751,170.829520,8
262144,2,162.750155,161.149381,8
262144,2,163.496948,170.623027,8
262144,2,147.805719,162.228578,8
262144,2,149.524985,165.011285,8
262144,2,153.422349,166.203202,8
262144,2,159.920519,162.447592,8
262144,2,172.272913,166.841660,8
262144,2,148.148794,183.574230,8
524288,2,161.979764,265.102736,8
524288,2,189.525337,261.262240,8
524288,2,187.472882,250.414752,8
524288,2,213.873512,271.737297,8
524288,2,168.359011,277.029382,8
524288,2,184.838569,262.758668,8
524288,2,203.799200,272.909297,8
524288,2,208.499943,262.275138,8
524288,2,178.783159,268.762271,8
524288,2,186.854844,269.953365,8
2097152,2,279.589645,351.225012,8
2097152,2,282.303494,342.865978,8
2097152,2,271.511134,352.523885,8
2097152,2,303.572106,355.817802,8
2097152,2,285.383658,351.264931,8
2097152,2,304.780634,57.094990,8
2097152,2,289.653305,355.453795,8
2097152,2,280.453615,352.160247,8
2097152,2,263.971769,342.767909,8
2097152,2,275.317448,351.128402,8
4194304,2,325.702520,395.657063,8
4194304,2,298.970795,351.878521,8
4194304,2,330.553901,392.863037,8
4194304,2,338.858355,390.460984,8
4194304,2,311.038898,371.527267,8
4194304,2,339.077508,393.958189,8
4194304,2,318.665086,386.228539,8
4194304,2,317.320169,391.279255,8
4194304,2,322.812591,360.091224,8
4194304,2,326.264427,403.111579,8
65536,4,83.163743,285.648817,8
65536,4,131.636155,207.368968,8
65536,4,119.583447,210.968958,8
65536,4,111.734032,231.080217,8
65536,4,112.095785,270.410846,8
65536,4,112.322213,241.067788,8
65536,4,129.335213,206.901342,8
65536,4,122.472669,243.919713,8
65536,4,111.625281,231.517537,8
65536,4,112.611721,208.239673,8
262144,4,163.024876,247.547536,8
262144,4,208.050794,249.152478,8
262144,4,199.305746,262.895129,8
262144,4,186.555649,317.297022,8
262144,4,203.386960,262.247026,8
262144,4,200.986637,254.129834,8
262144,4,209.368247,263.027019,8
262144,4,210.201667,267.279586,8
262144,4,199.332808,293.413495,8
262144,4,211.059953,263.423486,8
524288,4,256.259191,360.291177,8
524288,4,289.347866,354.308498,8
524288,4,269.958330,346.948005,8
524288,4,268.482095,339.454840,8
524288,4,280.041663,342.751903,8
524288,4,292.915857,362.972604,8
524288,4,280.073719,352.386375,8
524288,4,291.908212,365.202975,8
524288,4,259.415505,328.692490,8
524288,4,258.042960,337.690099,8
2097152,4,357.309578,398.597962,8
2097152,4,324.575522,405.703144,8
2097152,4,332.225858,388.927381,8
2097152,4,320.956393,387.081450,8
2097152,4,377.989276,458.637341,8
2097152,4,389.190313,412.546763,8
2097152,4,371.214889,413.072041,8
2097152,4,367.631168,390.196333,8
2097152,4,323.834466,397.941556,8
2097152,4,322.910227,407.649334,8
4194304,4,401.965020,506.486361,8
4194304,4,402.403004,511.291161,8
4194304,4,394.078487,511.008620,8
4194304,4,404.872347,490.158525,8
4194304,4,398.293801,501.184299,8
4194304,4,392.981352,512.399866,8
4194304,4,383.485484,507.403251,8
4194304,4,380.528188,504.209651,8
4194304,4,373.923866,516.476296,8
4194304,4,352.657266,492.669195,8
65536,8,12.031261,15.543012,8
65536,8,6.412793,9.092706,8
65536,8,13.788137,27.976948,8
65536,8,18.320584,13.620599,8
65536,8,17.370554,18.130340,8
65536,8,10.361950,35.929121,8
65536,8,22.083520,18.139481,8
65536,8,6.114675,27.043077,8
65536,8,6.401809,15.562785,8
65536,8,9.860916,15.439177,8
262144,8,21.321373,61.798826,8
262144,8,39.387574,57.673822,8
262144,8,30.068789,85.887504,8
262144,8,34.882934,110.225586,8
262144,8,21.173699,86.094023,8
262144,8,41.259314,138.763460,8
262144,8,20.335033,86.233605,8
262144,8,37.761057,53.976380,8
262144,8,23.418932,105.439021,8
262144,8,24.982410,24.181990,8
524288,8,29.173186,15.622474,8
524288,8,16.203948,26.516786,8
524288,8,18.981230,21.333922,8
524288,8,24.297782,23.024806,8
524288,8,22.394567,13.259052,8
524288,8,14.640885,18.734727,8
524288,8,22.439582,15.622574,8
524288,8,13.050152,17.155319,8
524288,8,17.120606,14.583985,8
524288,8,15.351332,23.644725,8
2097152,8,87.812162,71.403607,8
2097152,8,42.719031,62.404360,8
2097152,8,63.823174,41.637894,8
2097152,8,50.830983,67.298685,8
2097152,8,103.463248,81.313889,8
2097152,8,71.594527,120.595285,8
2097152,8,106.435313,52.956521,8
2097152,8,70.165514,63.316666,8
2097152,8,68.669586,87.384584,8
2097152,8,83.452129,72.911630,8
4194304,8,99.910938,62.881671,8
4194304,8,81.855536,85.206723,8
4194304,8,62.102022,92.051798,8
4194304,8,123.842945,98.290562,8
4194304,8,81.960420,83.293447,8
4194304,8,55.303365,59.268968,8
4194304,8,156.855258,109.358585,8
4194304,8,149.789693,54.706903,8
4194304,8,200.016881,88.598842,8
4194304,8,95.456033,89.708412,8
