65536,2,149.290406,163.404255,16
65536,2,117.084326,256.701919,16
65536,2,139.601662,285.808984,16
65536,2,136.084444,264.471348,16
65536,2,121.318030,261.603353,16
65536,2,144.368323,267.312033,16
65536,2,98.654222,234.475850,16
65536,2,136.956567,274.707280,16
65536,2,16.808772,266.190089,16
65536,2,158.318638,283.848986,16
262144,2,302.444765,307.278020,16
262144,2,280.068376,268.191723,16
262144,2,270.879876,275.462618,16
262144,2,297.648506,282.178687,16
262144,2,186.616993,267.589445,16
262144,2,275.274598,279.208279,16
262144,2,304.046703,265.983022,16
262144,2,288.503613,277.577298,16
262144,2,298.105455,261.468540,16
262144,2,301.499770,155.650513,16
524288,2,332.111614,436.379375,16
524288,2,348.622788,437.313611,16
524288,2,355.586101,437.198132,16
524288,2,355.771093,447.599317,16
524288,2,167.456894,337.654888,16
524288,2,351.568336,436.046686,16
524288,2,410.835717,455.447162,16
524288,2,385.255655,441.530472,16
524288,2,387.629293,434.913314,16
524288,2,373.801675,448.755046,16
2097152,2,108.747686,486.949145,16
2097152,2,452.458351,117.317391,16
2097152,2,112.991379,487.418828,16
2097152,2,452.165689,451.458361,16
2097152,2,466.936522,485.744198,16
2097152,2,468.232737,123.116976,16
2097152,2,440.140477,521.720699,16
2097152,2,447.777715,486.125150,16
2097152,2,473.595520,460.376265,16
2097152,2,435.907711,478.246784,16
4194304,2,465.682791,518.032754,16
4194304,2,388.146444,198.686760,16
4194304,2,200.548304,491.841811,16
4194304,2,187.048089,485.623281,16
4194304,2,485.625156,464.176213,16
4194304,2,446.428934,454.032193,16
4194304,2,457.670277,493.946318,16
4194304,2,428.457281,452.461605,16
4194304,2,111.247125,122.995609,16
4194304,2,489.527470,181.553001,16
65536,4,12.966428,67.245147,16
65536,4,15.501084,57.093739,16
65536,4,11.143967,29.399987,16
65536,4,19.167057,19.486590,16
65536,4,11.610457,54.159000,16
65536,4,12.983725,33.781443,16
65536,4,10.494071,38.876080,16
65536,4,19.743327,28.629176,16
65536,4,11.136866,39.319241,16
65536,4,18.535247,21.343987,16
262144,4,70.868564,66.602754,16
262144,4,36.581125,77.042262,16
262144,4,65.601328,51.688619,16
262144,4,72.859267,93.465412,16
262144,4,39.652900,185.374316,16
262144,4,52.339474,91.187922,16
262144,4,54.711548,94.906353,16
262144,4,47.470362,171.313554,16
262144,4,66.683512,134.347848,16
262144,4,67.523730,77.608676,16
524288,4,97.105955,102.010156,16
524288,4,85.663775,243.467977,16
524288,4,69.320770,239.919461,16
524288,4,108.438230,131.062170,16
524288,4,92.823635,159.232218,16
524288,4,99.061511,167.475617,16
524288,4,68.716425,177.288036,16
524288,4,78.481920,107.009562,16
524288,4,99.059327,99.623703,16
524288,4,73.182164,107.728935,16
2097152,4,127.879021,117.182570,16
2097152,4,127.926865,137.649947,16
2097152,4,118.281795,173.056379,16
2097152,4,127.774357,107.330678,16
2097152,4,95.052176,102.698283,16
2097152,4,128.255326,146.059364,16
2097152,4,110.013858,116.216504,16
2097152,4,98.692447,135.262023,16
2097152,4,139.828156,101.336658,16
2097152,4,114.247715,132.349030,16
4194304,4,228.657782,238.369837,16
4194304,4,266.453610,266.858783,16
4194304,4,196.353201,254.333318,16
4194304,4,228.056037,256.463860,16
4194304,4,216.898144,208.618908,16
4194304,4,207.936992,305.607053,16
4194304,4,277.745791,230.036636,16
4194304,4,248.952377,228.307414,16
4194304,4,214.073741,245.355308,16
4194304,4,223.699793,254.273699,16
65536,8,10.478690,24.221906,16
65536,8,7.090697,12.998575,16
65536,8,6.117542,53.416652,16
65536,8,8.342230,21.037719,16
65536,8,7.300787,25.968221,16
65536,8,7.347607,38.333740,16
65536,8,6.508335,29.049431,16
65536,8,8.041819,16.714033,16
65536,8,9.374897,22.310128,16
65536,8,8.426286,13.764838,16
262144,8,18.630730,51.627710,16
262144,8,21.353201,172.385660,16
262144,8,18.168549,82.983223,16
262144,8,18.685998,44.437463,16
262144,8,22.005546,69.038556,16
262144,8,24.894927,77.612889,16
262144,8,31.659967,77.620166,16
262144,8,23.673093,77.537133,16
262144,8,29.592091,91.963141,16
262144,8,28.484109,84.640851,16
524288,8,44.144559,55.135203,16
524288,8,49.099678,63.540305,16
524288,8,52.002724,72.801768,16
524288,8,38.973035,46.870854,16
524288,8,53.720877,46.609592,16
524288,8,47.746174,38.199212,16
524288,8,49.722173,77.736021,16
524288,8,39.032080,62.487520,16
524288,8,33.689802,44.509770,16
524288,8,30.652588,60.507336,16
2097152,8,63.968473,61.977888,16
2097152,8,58.719876,61.948596,16
2097152,8,60.626895,67.543411,16
2097152,8,63.780831,68.167995,16
2097152,8,62.086328,64.109268,16
2097152,8,57.404293,66.956382,16
2097152,8,61.055185,70.873394,16
2097152,8,65.135417,65.667026,16
2097152,8,54.898764,66.987750,16
2097152,8,67.281104,67.959536,16
4194304,8,112.655975,115.145305,16
4194304,8,120.670921,117.170621,16
4194304,8,108.283137,117.170839,16
4194304,8,106.521014,113.414538,16
4194304,8,106.224309,111.091647,16
4194304,8,112.507501,138.313048,16
4194304,8,94.110425,121.517086,16
4194304,8,97.207116,113.632388,16
4194304,8,98.224346,100.601808,16
4194304,8,111.984429,101.328212,16
