65536,2,247.290609,423.077051,32
65536,2,210.246921,442.955631,32
65536,2,177.043289,458.629945,32
65536,2,181.083049,483.430339,32
65536,2,170.073752,477.605877,32
65536,2,188.732965,437.494697,32
65536,2,197.450349,473.294351,32
65536,2,198.929377,441.128216,32
65536,2,224.655517,445.334502,32
65536,2,184.520424,452.148445,32
262144,2,370.310504,477.234243,32
262144,2,405.643747,488.596792,32
262144,2,424.580146,504.937492,32
262144,2,394.225408,492.356311,32
262144,2,400.008073,485.705730,32
262144,2,419.181595,488.927501,32
262144,2,410.334217,470.349530,32
262144,2,398.756790,482.554794,32
262144,2,422.422789,498.533135,32
262144,2,398.888908,492.572675,32
524288,2,577.681621,686.450970,32
524288,2,462.558784,727.916876,32
524288,2,653.581100,790.752442,32
524288,2,594.387361,710.386293,32
524288,2,592.156811,715.129547,32
524288,2,575.834473,738.517687,32
524288,2,595.536225,714.595030,32
524288,2,539.641676,729.149651,32
524288,2,603.407357,718.266219,32
524288,2,579.778404,730.017540,32
2097152,2,513.482100,930.863105,32
2097152,2,763.267747,834.770425,32
2097152,2,764.041427,840.267571,32
2097152,2,734.859252,782.011115,32
2097152,2,765.868583,232.763269,32
2097152,2,757.840334,233.001857,32
2097152,2,778.583377,907.512670,32
2097152,2,885.872028,802.849132,32
2097152,2,817.777957,245.461756,32
2097152,2,770.269540,234.214826,32
4194304,2,166.189872,166.789661,32
4194304,2,218.054464,166.538006,32
4194304,2,232.317854,133.939031,32
4194304,2,169.288659,240.460721,32
4194304,2,226.569603,229.170581,32
4194304,2,163.480018,165.267032,32
4194304,2,226.102724,227.329277,32
4194304,2,662.449444,344.844898,32
4194304,2,222.378394,169.720552,32
4194304,2,129.680613,171.792209,32
65536,4,226.629037,581.833178,32
65536,4,239.506749,573.376420,32
65536,4,159.099103,625.786539,32
65536,4,245.779821,547.199785,32
65536,4,252.351147,598.855122,32
65536,4,243.686698,492.035844,32
65536,4,245.616394,538.176424,32
65536,4,248.683028,577.409692,32
65536,4,189.972742,537.677915,32
65536,4,187.206893,624.536121,32
262144,4,556.064389,648.470006,32
262144,4,594.604815,370.183988,32
262144,4,565.890046,579.695688,32
262144,4,523.890857,596.229865,32
262144,4,479.529349,589.012920,32
262144,4,539.444655,588.511714,32
262144,4,518.434705,579.323757,32
262144,4,554.007840,575.732483,32
262144,4,613.931970,567.371640,32
262144,4,514.194853,583.368138,32
524288,4,622.896541,808.864956,32
524288,4,671.872347,777.512552,32
524288,4,618.128947,807.849792,32
524288,4,660.439794,790.271829,32
524288,4,619.477750,810.518788,32
524288,4,629.135453,732.922730,32
524288,4,712.683615,791.773277,32
524288,4,547.190573,761.047387,32
524288,4,652.047180,815.244993,32
524288,4,687.816333,803.715116,32
2097152,4,809.126699,608.924875,32
2097152,4,750.964087,763.415634,32
2097152,4,776.697444,804.361477,32
2097152,4,778.781570,883.425333,32
2097152,4,778.066219,209.413746,32
2097152,4,703.405351,688.659681,32
2097152,4,747.639174,232.080250,32
2097152,4,865.204894,920.800130,32
2097152,4,775.499952,714.997809,32
2097152,4,732.734801,725.467837,32
4194304,4,371.795058,230.208999,32
4194304,4,646.504775,245.766581,32
4194304,4,219.311585,233.079962,32
4194304,4,251.413679,369.601291,32
4194304,4,361.500273,321.490219,32
4194304,4,385.182118,233.762583,32
4194304,4,232.771707,238.723471,32
4194304,4,306.102043,233.989013,32
4194304,4,328.475319,338.706528,32
4194304,4,662.212430,245.034330,32
65536,8,21.145981,69.520536,32
65536,8,32.206209,79.316624,32
65536,8,30.484490,40.302844,32
65536,8,40.667090,24.194258,32
65536,8,37.563044,120.438450,32
65536,8,36.321827,63.284796,32
65536,8,40.255728,73.554642,32
65536,8,61.705295,53.680420,32
65536,8,34.510062,96.222414,32
65536,8,50.432956,237.248241,32
262144,8,79.273102,161.337800,32
262144,8,205.072620,462.591698,32
262144,8,230.488946,159.106112,32
262144,8,143.249981,239.147288,32
262144,8,104.830209,174.765485,32
262144,8,203.389142,319.122875,32
262144,8,143.604377,148.073595,32
262144,8,143.776510,160.473613,32
262144,8,242.999918,229.489820,32
262144,8,251.997054,273.303144,32
524288,8,311.978847,227.872204,32
524288,8,300.486293,283.923695,32
524288,8,179.629566,284.094914,32
524288,8,236.869629,289.651554,32
524288,8,243.392930,193.843194,32
524288,8,175.577782,368.651613,32
524288,8,154.525625,175.828033,32
524288,8,469.985701,322.470732,32
524288,8,299.079058,180.164702,32
524288,8,489.067268,258.314077,32
2097152,8,89.327294,110.710998,32
2097152,8,110.259189,91.185669,32
2097152,8,95.961008,94.642609,32
2097152,8,117.742365,82.013474,32
2097152,8,124.412007,85.172152,32
2097152,8,99.891042,83.786806,32
2097152,8,101.647943,90.113910,32
2097152,8,116.106027,89.080600,32
2097152,8,87.351981,93.939585,32
2097152,8,87.319482,88.579146,32
4194304,8,165.790218,163.689120,32
4194304,8,190.050561,160.464998,32
4194304,8,185.562054,192.550346,32
4194304,8,247.923276,287.034238,32
4194304,8,190.173771,201.276909,32
4194304,8,146.883854,156.103335,32
4194304,8,205.144854,216.786911,32
4194304,8,157.412441,162.307527,32
4194304,8,166.541152,168.496587,32
4194304,8,204.003673,148.322658,32
