Number of Processes: 24
Total: 7.477743
Processing: 6.556331
Pre-Processing: 0.921412
11, (-68.772356,24.431967,26.947798), (-29.289587,40.536118,-34.444084), (-76.535145,22.856031,33.803728), (-36.994250,29.982098,51.013749), (34.511786,47.488257,-25.489566), (-64.077664,-5.748002,-35.512018), (-75.233472,32.198936,23.886800), (-2.251574,-60.609879,57.277059), (39.368880,-28.820614,-46.107078), (-68.971206,-36.035651,43.993800), (-66.415582,31.901100,34.024639)
Number of Processes: 24
Total: 7.270417
Processing: 6.424244
Pre-Processing: 0.846172
11, (7.663048,59.964831,-2.573840), (57.156652,8.801783,11.445480), (-35.372421,-42.825044,-4.835335), (-20.945295,26.952619,-22.859444), (47.964043,23.019592,-35.978514), (19.398076,-67.808609,-49.002782), (15.992366,6.031588,61.995217), (-21.092379,27.021034,-14.037667), (-7.057473,-4.118248,-4.965985), (6.358289,-47.465038,37.821700), (17.244853,43.206543,-16.855314)
Number of Processes: 24
Total: 7.072803
Processing: 6.163739
Pre-Processing: 0.909063
11, (-28.008769,-31.995117,-36.980120), (39.000201,4.994208,-5.007994), (39.592998,-67.024066,52.425110), (25.007104,-69.018742,2.000051), (-36.621886,26.887634,-21.524211), (-67.992760,-1.627412,64.617410), (13.003881,-51.957731,-13.095234), (11.008120,-36.011373,-8.004883), (43.009362,46.015622,62.014386), (46.977407,-71.989877,-52.992195), (12.986845,-52.072930,-18.303130)
Number of Processes: 24
Total: 7.987008
Processing: 6.929602
Pre-Processing: 1.057405
11, (-38.405637,-9.081224,37.133642), (-30.025189,28.010040,-72.107636), (57.962858,37.963388,7.984136), (-15.906972,36.681314,12.890533), (-14.030034,24.031475,-35.148644), (29.999862,-70.000758,-55.021088), (62.494467,-49.590444,8.621454), (-16.039053,-19.961017,-69.974122), (-45.545708,-65.806907,-8.464784), (39.753748,2.006430,-11.131470), (21.675114,2.028660,-32.792250)
Number of Processes: 24
Total: 9.685333
Processing: 8.597065
Pre-Processing: 1.088266
11, (59.006516,49.977162,-70.986887), (-20.005604,-57.956338,7.205038), (-6.566640,45.222672,36.473293), (52.202840,-13.471037,19.439878), (-16.203652,-21.267177,44.290604), (-49.015725,-67.624855,-16.648954), (-51.680539,-70.284750,-15.920807), (-50.392208,-68.331272,-14.183627), (-48.404483,-70.490048,-14.297959), (-62.000502,72.993330,-23.011226), (-19.984891,-58.065260,-2.122602)
Number of Processes: 24
Total: 13.890667
Processing: 12.254574
Pre-Processing: 1.636091
11, (-15.334873,-34.432404,40.333836), (71.318856,-6.823147,-49.301953), (66.009196,-3.417648,-54.651390), (70.945253,-12.488785,-55.250138), (71.965547,62.994695,70.983249), (29.195579,-61.797443,-66.410715), (64.607537,-10.663064,-46.865695), (21.780029,-28.337038,-3.570724), (34.006624,14.036364,-68.008234), (-33.414798,-9.603125,-59.822121), (-7.832053,47.197510,14.098059)
Number of Processes: 24
Total: 10.867869
Processing: 9.186054
Pre-Processing: 1.681814
11, (45.580700,-4.382467,-27.312137), (-27.456057,-41.441111,61.589625), (-35.332463,40.274989,23.107719), (-65.615851,-55.083336,76.699705), (-60.835913,-60.168652,71.840259), (-57.605342,-65.670168,77.021414), (-66.057271,-63.486915,66.316806), (-55.243562,-55.376339,68.154895), (4.200367,-2.180897,50.231700), (-52.364653,-22.878973,-5.093368), (-72.012719,-58.015516,41.008048)
Number of Processes: 24
Total: 7.349411
Processing: 6.514564
Pre-Processing: 0.834846
11, (-22.965743,16.016373,-7.974270), (5.637896,-55.789729,-4.149361), (15.174352,69.168165,18.839256), (-2.900909,-47.470074,60.451365), (4.015102,-10.012547,-13.988214), (53.039831,33.001484,-63.997151), (44.001466,-60.001932,-67.002937), (-69.508058,7.991488,-18.501767), (-39.026928,62.007847,-73.989414), (-48.737861,-54.528300,38.679980), (-57.003436,47.974745,63.020549)
Number of Processes: 24
Total: 7.560105
Processing: 6.712377
Pre-Processing: 0.847724
11, (32.949693,-15.988217,-43.003331), (60.987780,46.009732,31.992217), (6.844978,-69.580106,18.989668), (28.060675,-10.067595,13.889724), (8.177891,3.271767,12.721486), (24.790696,8.692265,11.618937), (-13.463148,-0.120039,13.552727), (-23.891734,-33.739842,21.970762), (-44.995773,15.984446,45.006587), (45.201983,69.328764,-31.412033), (-10.863856,0.051534,25.920794)
Number of Processes: 24
Total: 7.667535
Processing: 6.831808
Pre-Processing: 0.835725
11, (69.990603,-63.992159,-39.974063), (-53.006444,-34.045123,-3.039773), (7.749995,-51.613221,55.998649), (-58.819389,-46.161330,-47.381003), (-66.011411,19.995740,47.996029), (-65.014261,-65.992014,57.999879), (-6.985025,-66.000836,16.993132), (60.589260,-6.379717,28.114826), (21.984064,53.016932,-54.993530), (-9.990246,-54.003642,-24.008606), (38.342535,-54.978660,-17.340565)
Number of Processes: 24
Total: 7.174967
Processing: 6.191682
Pre-Processing: 0.983284
11, (-50.179447,-46.081186,18.361957), (-45.031708,52.009626,26.016680), (-23.648541,45.118617,-11.676283), (-32.378132,44.915429,-20.286932), (-24.783012,40.698914,-19.274079), (21.382351,36.192030,22.402037), (-24.815882,49.299923,-19.382272), (-31.269125,49.323539,-12.802425), (-31.253849,40.747341,-12.600125), (-27.996095,44.995045,-15.994416), (20.066308,-36.076637,37.937149)
Number of Processes: 24
Total: 7.285676
Processing: 6.394912
Pre-Processing: 0.890762
11, (-43.989176,68.006874,-11.998055), (-29.005701,-63.020451,-38.003242), (53.500435,-19.005156,24.503409), (-37.214726,20.647880,62.235986), (-44.802891,13.404592,57.782446), (-39.342617,13.192806,63.834380), (-42.605977,20.791232,56.110766), (-40.995077,16.998318,59.999141), (-36.005973,39.000906,-37.997800), (-37.173743,14.771289,56.417685), (-44.840681,19.206670,63.555712)
Number of Processes: 24
Total: 7.349477
Processing: 6.263401
Pre-Processing: 1.086075
11, (64.042690,-15.042185,-66.769130), (28.846226,45.245122,-12.762708), (55.786076,19.240009,-0.135437), (9.232386,17.807079,-12.939233), (65.111428,-23.613842,-20.766651), (8.889089,7.799595,-13.027429), (40.995159,57.991342,64.001612), (-36.109733,-38.834649,-19.137400), (12.939714,-65.971032,14.978675), (43.043545,45.083644,-13.054565), (35.717121,35.490454,-13.330245)
Number of Processes: 24
Total: 8.091502
Processing: 7.041144
Pre-Processing: 1.050355
11, (53.441434,37.027007,13.890979), (38.660343,79.410320,72.608540), (-28.997029,67.326178,52.781779), (49.454380,79.345018,61.662727), (52.276749,65.652511,62.272965), (45.978125,72.023589,69.006593), (52.432279,78.469282,75.415222), (38.581674,68.666214,61.656984), (52.538187,65.282165,75.440105), (39.465736,65.565955,75.311776), (-3.724316,-24.569355,-60.438101)
Number of Processes: 24
Total: 10.821249
Processing: 9.777957
Pre-Processing: 1.043289
11, (31.404942,61.481021,29.492256), (29.617481,63.293654,20.471479), (38.388657,68.662321,29.534156), (38.658656,61.559915,22.862181), (29.401491,70.532332,27.160296), (36.395255,70.472874,20.409047), (-14.020047,60.012082,63.946888), (34.001864,65.998038,25.014282), (-42.145640,-18.470798,-0.473243), (21.006482,-68.986005,71.013772), (-2.590128,60.035820,64.083704)
Number of Processes: 24
Total: 15.837438
Processing: 12.942129
Pre-Processing: 2.895308
11, (-59.081720,22.107498,19.368278), (39.304382,-14.879961,15.982257), (-73.854087,36.719968,28.798164), (-73.351842,23.108087,15.000255), (-26.600547,67.094198,-25.595563), (-71.150079,22.381333,29.720379), (-60.000132,36.227075,14.961991), (-73.838728,37.016310,15.086481), (-59.513883,34.254760,29.671864), (-66.987333,29.966100,22.016388), (-73.999402,-36.999307,-52.000385)
